7.627080466596551389e+01,8.229765608727834802e+00,1.604481834094990973e+03,4.577502764570520810e+01,-1.307902684274637579e+02,1.380735066364288514e+03,1.370153988947018888e+02,1.681675880750779868e+02,1.324671075635580792e+03,1.888053012405042637e+02,-2.980791823608507229e+02,1.274590999402123316e+03,3.187498003012840968e+02,1.573134625736386738e+02,1.082116524714769639e+03,2.667936930207825981e+02,-1.583760570391787610e+02,1.414780634472535894e+03,3.911296560892639604e+02,9.467334350783440655e+00,1.251739882423980589e+03,4.435342635456191829e+01,-1.285493471034441768e+02,8.899169574750634411e+02,2.381019027179079330e+02,4.594991874033405566e+01,9.599051874086145517e+02,7.921938959942748681e+01,-1.327028952698523767e+02,4.113162526467654629e+02,4.623846368611819457e+02,-9.865121799964784088e+01,1.001512885582270997e+03,-2.804393089697816865e+00,-1.732809340756233141e+01,-6.849566218199072409e+00,2.708988046801013638e+02,-1.195379562795286859e+02,6.549199511327559549e+02,2.028587872626162323e+02,-6.987581874748357791e+01,-7.621316350375971105e+00,3.536320844083672910e+02,-3.120456621763249814e+02,6.640056196375526270e+02
7.635544539045137924e+01,1.295959311671407832e+01,1.603546967398487368e+03,4.690416733147746697e+01,-1.247171907946080864e+02,1.379396660370526206e+03,1.384909164424142602e+02,1.729206749336451026e+02,1.323840665998373879e+03,1.904598532992198443e+02,-2.916497349009925983e+02,1.271205900043074962e+03,3.194329311922109582e+02,1.627933800329167298e+02,1.079169624481868595e+03,2.700595309630112411e+02,-1.543504289679046053e+02,1.412582140330561060e+03,3.915856973873114271e+02,1.459130248339136493e+01,1.248154126856460152e+03,4.397095622074887444e+01,-1.246993797541010025e+02,8.888062121741605779e+02,2.377877002780366809e+02,4.986205639880606810e+01,9.582272207625529745e+02,8.008926597279271675e+01,-1.324663459020618461e+02,4.103200972319679636e+02,4.620365821874135577e+02,-1.000651922686840862e+02,9.960404891444401301e+02,-4.880988332766524884e+00,-1.701008082677643074e+01,-5.553208738278356371e+00,2.659465957696392593e+02,-1.178197291663846329e+02,6.527180846360433861e+02,2.034603695872138758e+02,-7.060016739682905040e+01,-7.517436157137067809e+00,3.481466044435927074e+02,-3.020749946651985169e+02,6.601245344759665841e+02
7.618680481628271650e+01,1.793188639217373748e+01,1.601803549550043954e+03,4.809840486979508256e+01,-1.190113804320066748e+02,1.377649807377470779e+03,1.395292949817024635e+02,1.779093407796028146e+02,1.322550149154033306e+03,1.916963998660090169e+02,-2.856377553932152296e+02,1.267553669011503416e+03,3.198900194916051873e+02,1.687176574197139871e+02,1.076588715115492505e+03,2.737140566028834883e+02,-1.498479876936112021e+02,1.409457271657265437e+03,3.926964982196429332e+02,1.979056029570384467e+01,1.245202569552707246e+03,4.355289176545045393e+01,-1.207251676753281799e+02,8.877530825182005856e+02,2.372711422698153001e+02,5.392505290015169805e+01,9.563200294021721675e+02,8.096413587303140957e+01,-1.319212002010077924e+02,4.094463519295708807e+02,4.616048689917944898e+02,-1.004992328253458709e+02,9.906917569195599071e+02,-6.344342390571622303e+00,-1.669001943710409108e+01,-4.615825552118183239e+00,2.615294202211166521e+02,-1.152285225718440103e+02,6.500824913685963793e+02,2.040341686334408280e+02,-7.114219594799281765e+01,-7.415074561715378820e+00,3.433517775044807649e+02,-2.935609653188639072e+02,6.548640395214928276e+02
7.567708375112876240e+01,2.320067229359119310e+01,1.598934313951471950e+03,4.941660767767656637e+01,-1.139275032939677459e+02,1.375346445907792486e+03,1.398803172843404639e+02,1.831916593060699654e+02,1.320619492436379005e+03,1.922326116992245204e+02,-2.801526492856630739e+02,1.263348082605533591e+03,3.198974584492555664e+02,1.753569399071577379e+02,1.074658749912857729e+03,2.780799610465214187e+02,-1.446580253605433484e+02,1.404682099230301446e+03,3.948288510154363280e+02,2.511469181297776032e+01,1.243154053021998607e+03,4.309481431639819959e+01,-1.165878631315282092e+02,8.868016004144321869e+02,2.364060676010464022e+02,5.821338605128849508e+01,9.540490012880262611e+02,8.185104548440865813e+01,-1.308230116706444619e+02,4.087441084961905631e+02,4.610696442841617682e+02,-9.940912926993422616e+01,9.853215824404763907e+02,-6.859725959022582309e+00,-1.632170491483654828e+01,-4.226283763014310857e+00,2.580272391368561102e+02,-1.112586274076741830e+02,6.465468812988809759e+02,2.045954276905347342e+02,-7.134869046272550008e+01,-7.312174083958703719e+00,3.397476103968929806e+02,-2.871054673765815437e+02,6.471567406919087944e+02
7.495727242419297909e+01,2.854432591479438841e+01,1.595278928723694662e+03,5.089294249794676972e+01,-1.095607599687736098e+02,1.372694389049739584e+03,1.395702727375768859e+02,1.885807833078691544e+02,1.318242326478974746e+03,1.920358367030466127e+02,-2.749640944518591823e+02,1.258355960403042445e+03,3.192805314873768339e+02,1.826890029785685670e+02,1.073505005014765402e+03,2.833391417683568534e+02,-1.389822348344177101e+02,1.397982619265220364e+03,3.979357053649093814e+02,3.053182913901149220e+01,1.241792563202516476e+03,4.263766033364434804e+01,-1.123700992182597105e+02,8.859723690891438537e+02,2.351520333701079437e+02,6.267007821950949165e+01,9.514277760395042378e+02,8.275775663089076772e+01,-1.290426302231312548e+02,4.081697236165873051e+02,4.604968331396752319e+02,-9.690024738962205220e+01,9.795411915671561474e+02,-6.485254428261696624e+00,-1.582052339769014182e+01,-4.342111895400924126e+00,2.555257361341945170e+02,-1.059282144064194142e+02,6.417274549241720933e+02,2.051994347907429983e+02,-7.114194003179873960e+01,-7.202771084610204433e+00,3.374957343550206588e+02,-2.821814119944162940e+02,6.365586552014774497e+02
7.430317553069853886e+01,3.356287762700812749e+01,1.591598461535617844e+03,5.253997144998034230e+01,-1.058601584005831171e+02,1.370132974605760410e+03,1.388725974039691096e+02,1.937688601084178970e+02,1.315852634601118552e+03,1.913559325286026649e+02,-2.697136201432761595e+02,1.252449806240707630e+03,3.179946586792243011e+02,1.904957842195113926e+02,1.073035463363989265e+03,2.895327410526612653e+02,-1.333728806128218025e+02,1.389530345090050560e+03,4.016849927841686849e+02,3.598027093403626253e+01,1.240507390995419428e+03,4.223921246722612466e+01,-1.082100828995022255e+02,8.852580019173076380e+02,2.335770854917795418e+02,6.717080337179646676e+01,9.485968225348261740e+02,8.368700208805343266e+01,-1.265826102851778359e+02,4.076295439799583278e+02,4.600144713145165269e+02,-9.355430765077156252e+01,9.728868525879340723e+02,-5.587108227885409839e+00,-1.511719227835783030e+01,-4.758098996270949677e+00,2.537861977820247716e+02,-9.964146984282565711e+01,6.354270813932581632e+02,2.058866393195083901e+02,-7.056238207318314437e+01,-7.072567545370112008e+00,3.363988136270405107e+02,-2.775483720510343346e+02,6.232768791494712559e+02
7.399239835472680227e+01,3.786735830652843759e+01,1.588646441559242248e+03,5.435251671472261847e+01,-1.027048108306022272e+02,1.368089596672004518e+03,1.381789564836467434e+02,1.985023548307624708e+02,1.313893048529931548e+03,1.906434062545356767e+02,-2.642308346625137006e+02,1.245657953159914541e+03,3.161807937270829143e+02,1.985375576360705736e+02,1.072967025144387435e+03,2.965966347117073951e+02,-1.285149094563267340e+02,1.379791656690474156e+03,4.057085333407796952e+02,4.144260374183136264e+01,1.238567987238212027e+03,4.192893489010669583e+01,-1.042110669627761297e+02,8.846243317466261260e+02,2.318229011898592091e+02,7.162015328885756560e+01,9.457473087930052316e+02,8.462824283255095281e+01,-1.235777636362788030e+02,4.070565151671734725e+02,4.597720597033963941e+02,-9.005371106880497223e+01,9.650648455709186919e+02,-4.623915986432755254e+00,-1.422721856431829757e+01,-5.245560851769081268e+00,2.523626288887710416e+02,-9.290087824885370082e+01,6.277225751559468563e+02,2.066312749938152535e+02,-6.978382195848919878e+01,-6.902519466050409669e+00,3.360208171042697245e+02,-2.720224048355694322e+02,6.080032214710735161e+02
7.418551438765329920e+01,4.124157074103928977e+01,1.586831593111208122e+03,5.630572066596435832e+01,-9.999856611690981367e+01,1.366771462315088229e+03,1.378417069215175275e+02,2.026718143160164800e+02,1.312647606416397593e+03,1.903675767617494046e+02,-2.587183132884915153e+02,1.238176934650470912e+03,3.141411682685642290e+02,2.066699011670940536e+02,1.072963435569590501e+03,3.044085171746858691e+02,-1.249639635106353381e+02,1.369305770146695522e+03,4.098021693792312590e+02,4.697294044289998283e+01,1.235439584255202362e+03,4.167821401638264689e+01,-1.003932899643228751e+02,8.840210520856915082e+02,2.300459290344452938e+02,7.600433410192761130e+01,9.430353038287399841e+02,8.555315102785850456e+01,-1.202760377328573327e+02,4.064682972804398560e+02,4.598995206501361963e+02,-8.685999265393067503e+01,9.561054987523507407e+02,-3.929376433884681941e+00,-1.328051370522291919e+01,-5.668623695322875911e+00,2.508336502702333917e+02,-8.607961548773059235e+01,6.189526128564432383e+02,2.073448833957029365e+02,-6.907536918983328178e+01,-6.684284190738776665e+00,3.359035565164372770e+02,-2.650895301631934444e+02,5.916326392381781716e+02
7.488772798213253168e+01,4.370378792786015509e+01,1.586127314030296247e+03,5.835344282764435064e+01,-9.772091125933688716e+01,1.366098560302664737e+03,1.380612054936603101e+02,2.062819599609598242e+02,1.312207519373144123e+03,1.908165972218796753e+02,-2.536681589628478264e+02,1.230321085517880874e+03,3.122399544479084170e+02,2.148392424521674684e+02,1.072833253182725002e+03,3.128322253269511179e+02,-1.229429292081327816e+02,1.358468613234161467e+03,4.139800004728022031e+02,5.264745193210191587e+01,1.230991026261060597e+03,4.140703033514983389e+01,-9.670221764122510422e+01,8.834063902300979407e+02,2.283547526254392039e+02,8.037757390162882132e+01,9.405336740942919960e+02,8.642033364277462226e+01,-1.169772252186963044e+02,4.059672693171164610e+02,4.604583757592185407e+02,-8.410369341060936677e+01,9.463291844739488852e+02,-3.597612323449688176e+00,-1.247669792914284592e+01,-6.019109222211761256e+00,2.490304376069513808e+02,-7.937507756483663002e+01,6.095637800225176761e+02,2.079377869571453914e+02,-6.870964102754473402e+01,-6.437934198079436676e+00,3.357758844184602367e+02,-2.570505625649092281e+02,5.749560334110288977e+02
7.598487237502328639e+01,4.547378873204608851e+01,1.586196110241354518e+03,6.043856428531442049e+01,-9.589645081550889927e+01,1.365785295561704743e+03,1.388549882769420947e+02,2.093770751678200952e+02,1.312522686730148962e+03,1.919849756530713307e+02,-2.495597442058871707e+02,1.222419891164408455e+03,3.107873464605332856e+02,2.229986370471991961e+02,1.072668765180572564e+03,3.217492504961876421e+02,-1.222486541537844857e+02,1.347385178745947542e+03,4.183957599327850403e+02,5.848177991326827652e+01,1.225509248366831116e+03,4.102355870986217212e+01,-9.304046719571456947e+01,8.827808459907632823e+02,2.267662437708345067e+02,8.482104455082699701e+01,9.382427215115951640e+02,8.718868851575891199e+01,-1.139254782321209234e+02,4.056812421491989085e+02,4.613854835265834140e+02,-8.166022627094064035e+01,9.361494303883961265e+02,-3.505821884860859328e+00,-1.198267759179662839e+01,-6.373428902246947025e+00,2.471277601816932474e+02,-7.290538433160033094e+01,5.998742180734362819e+02,2.083914345698757415e+02,-6.885103680900127188e+01,-6.213970405816241716e+00,3.356474945358219770e+02,-2.487251339477687679e+02,5.584174423489525907e+02
7.731027431075128220e+01,4.689564941405065213e+01,1.586594529069079499e+03,6.251744586634034562e+01,-9.450163650760597989e+01,1.365497627461397087e+03,1.400996022544311757e+02,2.120168083034473341e+02,1.313452806173609360e+03,1.936050300210062289e+02,-2.465288378166303858e+02,1.214703665609850304e+03,3.099674191308012041e+02,2.310463430110394825e+02,1.072815951901101243e+03,3.310653058857175779e+02,-1.222838516346056252e+02,1.335831034402810928e+03,4.232111524807316982e+02,6.440155336995611890e+01,1.219526072250748030e+03,4.047095681797231492e+01,-8.929162576554743680e+01,8.822088192790458834e+02,2.251995250777950162e+02,8.942462081486748104e+01,9.361408125552159163e+02,8.783208439045199611e+01,-1.112007645071626740e+02,4.056813679569880833e+02,4.624634886738944601e+02,-7.927656710952794583e+01,9.258319494999975632e+02,-3.438063407904182078e+00,-1.183337243730398036e+01,-6.816244544145440898e+00,2.455429100130900792e+02,-6.681269802395293311e+01,5.898987472557224692e+02,2.087827646154804313e+02,-6.947727915944790311e+01,-6.069421625801117770e+00,3.357399643093496024e+02,-2.409729235004972168e+02,5.420170617745405934e+02
7.870348276400228826e+01,4.835765108379139576e+01,1.586939108439975371e+03,6.458638601187369943e+01,-9.337854847436116756e+01,1.364990608883276082e+03,1.416079790700895273e+02,2.143246145957044462e+02,1.314780475271425757e+03,1.952892438521396627e+02,-2.442122889157443240e+02,1.207222634256821493e+03,3.098253353602171956e+02,2.388630776945881280e+02,1.073665333133943477e+03,3.406836474707766342e+02,-1.222196384818974906e+02,1.323331465146102801e+03,4.284902637086718755e+02,7.031651767659013785e+01,1.213543657171990844e+03,3.975061424496880846e+01,-8.533620157262882344e+01,8.818023446605676554e+02,2.235140080469867030e+02,9.429938691532609596e+01,9.342298699152479458e+02,8.834661686819319470e+01,-1.086829245917737126e+02,4.059271886576501629e+02,4.633639033827260505e+02,-7.664699995030986202e+01,9.153454076300804445e+02,-3.232176536077552953e+00,-1.189986207459053524e+01,-7.378320362360605955e+00,2.447096358998495873e+02,-6.126960110158132267e+01,5.793578818887629041e+02,2.092360125393946362e+02,-7.037665032359593908e+01,-6.028221959602310775e+00,3.363091843785698529e+02,-2.343150012759739980e+02,5.254013042490092857e+02
8.004676390760178606e+01,5.021476443800867173e+01,1.586989426976504319e+03,6.669288106093002000e+01,-9.223157469492277016e+01,1.364166885521191944e+03,1.432035441136173120e+02,2.165397608361259358e+02,1.316218959356928963e+03,1.966903008725832933e+02,-2.418672423573856918e+02,1.199829264132969911e+03,3.102871699145275102e+02,2.464303425025024410e+02,1.075382788308396584e+03,3.504534065209147116e+02,-1.212739476871532815e+02,1.309325276993670059e+03,4.341620408063916443e+02,7.625598151023095284e+01,1.207786869265286896e+03,3.890861933722440114e+01,-8.107904574762945060e+01,8.816621170404034729e+02,2.215775966538003274e+02,9.958211332961592177e+01,9.325379015012927084e+02,8.874735201083333891e+01,-1.061290672485040432e+02,4.062727987120139801e+02,4.637690212937857268e+02,-7.344889778602970409e+01,9.043816343695946216e+02,-2.871342286695156343e+00,-1.194840557010349436e+01,-8.012477385950543152e+00,2.448771048413047140e+02,-5.640141004811663095e+01,5.678660162030777201e+02,2.098319770283272589e+02,-7.122683878679308123e+01,-6.052490373329604267e+00,3.374948867216243116e+02,-2.288147088547466410e+02,5.081060065646974522e+02
8.128152841294843256e+01,5.270212469574336467e+01,1.586663792628009560e+03,6.892255221806412635e+01,-9.073050266862878743e+01,1.363053693471984388e+03,1.447662248850684534e+02,2.189796285661662409e+02,1.317465605902154266e+03,1.975987396347737217e+02,-2.387081977550654983e+02,1.192232396406068801e+03,3.111856005654567525e+02,2.539249543826122704e+02,1.077759558919036635e+03,3.601242769045306886e+02,-1.190302723628588950e+02,1.293347841164248848e+03,4.400584335829669271e+02,8.245218807989060394e+01,1.202099537355140228e+03,3.800071067451681728e+01,-7.649166509554197546e+01,8.818050007563929285e+02,2.193334907509898528e+02,1.053919556025700075e+02,9.310759683331258429e+02,8.905983506620076184e+01,-1.033261325804255932e+02,4.065333397552903421e+02,4.635140653699021414e+02,-6.941444105353575367e+01,8.925300271455212169e+02,-2.477987405672601895e+00,-1.175802004625946395e+01,-8.606470438475776419e+00,2.460620504575018970e+02,-5.221912357078738154e+01,5.551655234688804512e+02,2.105392033920129222e+02,-7.172046420265100153e+01,-6.048783569835252116e+00,3.393220855419872919e+02,-2.242090447663781561e+02,4.898445226778846404e+02
8.240759660065774028e+01,5.585090902212866126e+01,1.586012769523073530e+03,7.136647580651019496e+01,-8.866347258033665923e+01,1.361732977423918783e+03,1.462421547033807201e+02,2.218896197660964731e+02,1.318302176645212739e+03,1.979621510737727021e+02,-2.342827216143860767e+02,1.184109115640598020e+03,3.122948743360712456e+02,2.616799963212324087e+02,1.080294546311698923e+03,3.693481868331041369e+02,-1.156510137660179396e+02,1.275166972114973078e+03,4.460110525268807464e+02,8.927779376626440921e+01,1.196037837652464304e+03,3.706734261564147204e+01,-7.164200121203182903e+01,8.821237817377214014e+02,2.168313780377665410e+02,1.117460259254788753e+02,9.297825144759510749e+02,8.931459746301270286e+01,-1.002179677462925156e+02,4.065752737531029197e+02,4.626586321137352797e+02,-6.446387881173770040e+01,8.795125992011058997e+02,-2.222052571958933687e+00,-1.123014735563381095e+01,-9.020293282362111142e+00,2.481664043440090950e+02,-4.862993760986478264e+01,5.412528224821586491e+02,2.112192907782542761e+02,-7.167990887722007187e+01,-5.911689562938541087e+00,3.418612752310677365e+02,-2.201517295287583238e+02,4.707063458369539717e+02
8.346662770093134043e+01,5.945463472867641030e+01,1.585159506457689986e+03,7.408381906551534257e+01,-8.603671204831162811e+01,1.360264189531949114e+03,1.476232191875045885e+02,2.252685423075031679e+02,1.318679142931911883e+03,1.978598078290693820e+02,-2.286817792413296502e+02,1.175237580827854345e+03,3.133926610807008615e+02,2.699977871204148414e+02,1.082468080099610916e+03,3.777433380854675988e+02,-1.118392515051603340e+02,1.254836543383168873e+03,4.519621641080125301e+02,9.705065577692032264e+01,1.189118856749169026e+03,3.613868362829784786e+01,-6.667664499569943359e+01,8.824086085329806792e+02,2.142060656771908214e+02,1.184906321332582309e+02,9.284991405206361605e+02,8.954684770164469398e+01,-9.691764049106647860e+01,4.063776009375641820e+02,4.614309800772422250e+02,-5.881550008846421207e+01,8.653561869675596654e+02,-2.202956164314489484e+00,-1.043039898128734499e+01,-9.134933701546335882e+00,2.511522195369455801e+02,-4.550066963755394767e+01,5.263375556029702693e+02,2.117073748931468629e+02,-7.111098701315468418e+01,-5.581249586660878670e+00,3.454133728927967582e+02,-2.163955516513029522e+02,4.511740476618186904e+02
8.451568305172533258e+01,6.313430761442810990e+01,1.584215176333963200e+03,7.707604609990789868e+01,-8.304933631213360457e+01,1.358629539014023521e+03,1.489142947469430851e+02,2.288103400990544856e+02,1.318711763450637136e+03,1.974651148482755048e+02,-2.224722044179476939e+02,1.165600073797720597e+03,3.143424750923128386e+02,2.789286790554978097e+02,1.084035068223685812e+03,3.849877981662194770e+02,-1.085204555003598728e+02,1.232671663032209835e+03,4.580249977206145786e+02,1.058327968343640606e+02,1.181099792685911552e+03,3.525759288209988540e+01,-6.175161304918975702e+01,8.824239056851482701e+02,2.116150058867031589e+02,1.253124030215490592e+02,9.270036482299685758e+02,8.979507999924841499e+01,-9.360095418051520255e+01,4.060282115147547870e+02,4.600705394267551469e+02,-5.294181102649445592e+01,8.504076875557595940e+02,-2.380128952807316622e+00,-9.543397770771342437e+00,-8.899090504191132567e+00,2.551361166091161579e+02,-4.270381988930532202e+01,5.106954806115351744e+02,2.119158876753712946e+02,-7.017729266578794523e+01,-5.079603959997270657e+00,3.505440867977281414e+02,-2.128209817545063061e+02,4.319551344850139571e+02
8.560165727013136916e+01,6.649698129002391056e+01,1.583201161649320511e+03,8.028307497813949567e+01,-7.996222855146541519e+01,1.356722729872398531e+03,1.501112769983168107e+02,2.320400892081087534e+02,1.318577698715001361e+03,1.970005273513543216e+02,-2.163983811487047433e+02,1.155412050078943139e+03,3.151552069886636218e+02,2.881810374914582553e+02,1.085153380961683979e+03,3.908859304521952822e+02,-1.063952818663750577e+02,1.209169881276315664e+03,4.644423317233583361e+02,1.153736361429992314e+02,1.172142102571662917e+03,3.448580178297252274e+01,-5.695235070472970307e+01,8.820040238091166884e+02,2.091681113358206687e+02,1.318470335402082583e+02,9.250909023206921802e+02,9.009173580985839180e+01,-9.036959094656877767e+01,4.056618071819160036e+02,4.586650043494566944e+02,-4.733384130998494044e+01,8.351765180307276069e+02,-2.597000437433286901e+00,-8.771590264536230919e+00,-8.357303242268830701e+00,2.603441206922117317e+02,-4.012313725995303315e+01,4.945248205048378054e+02,2.118928316292995362e+02,-6.911700915668519940e+01,-4.504729379490836294e+00,3.578966792048545358e+02,-2.093560865747204218e+02,4.137135436693015436e+02
8.674564580593229834e+01,6.931323866074913553e+01,1.582025638670506623e+03,8.360354956885957733e+01,-7.695642283571024223e+01,1.354389669498751800e+03,1.512056158895470048e+02,2.345822568240627390e+02,1.318385642368952404e+03,1.966806836284712574e+02,-2.110287739598977907e+02,1.145060830278890535e+03,3.159842895063439983e+02,2.972475451486207589e+02,1.086276609481766172e+03,3.953801304803106973e+02,-1.056186338301157974e+02,1.184901080998448151e+03,4.714491555708556803e+02,1.252520722612206896e+02,1.162772500141781620e+03,3.386949938278137751e+01,-5.225798941093589889e+01,8.811207091160869140e+02,2.068855116359664237e+02,1.378353148311531697e+02,9.226607522300454320e+02,9.044838160510448688e+01,-8.719264737399814180e+01,4.053835281545826774e+02,4.570859947523051119e+02,-4.220253662539752781e+01,8.200831115889127432e+02,-2.681537219249459092e+00,-8.237076110816863306e+00,-7.644548031057231796e+00,2.669803688441406848e+02,-3.766821032421173499e+01,4.778786612384519685e+02,2.117955726138795001e+02,-6.814776551210539424e+01,-3.986423761759074313e+00,3.678822233844010725e+02,-2.059212319415633203e+02,3.968291835754197336e+02
8.794139708207752903e+01,7.161460844956113192e+01,1.580539001355283517e+03,8.693296766212823456e+01,-7.407491806134530066e+01,1.351504056044222580e+03,1.522120748117203277e+02,2.363921979282690984e+02,1.318109828968307738e+03,1.966551931304387324e+02,-2.065387521293392581e+02,1.134973495239788917e+03,3.170479488422180907e+02,3.056795933430826722e+02,1.087892848449979283e+03,3.985297187381397066e+02,-1.057913090926984694e+02,1.160380008534095396e+03,4.791123416998402149e+02,1.351296201441653864e+02,1.153657770215948858e+03,3.338036111483447854e+01,-4.757180852596336962e+01,8.798881837270211008e+02,2.047019874595661406e+02,1.432382221733037966e+02,9.197644603772699838e+02,9.084821591937337359e+01,-8.396616452375783979e+01,4.052279328947308841e+02,4.550640841766034441e+02,-3.733011163280847455e+01,8.052530588174234936e+02,-2.554674376626690613e+00,-7.936940019841755678e+00,-6.943681383879754421e+00,2.751154424600845232e+02,-3.534571303692422362e+01,4.606798207109361556e+02,2.117961007562986424e+02,-6.740087314984748446e+01,-3.631939261101606142e+00,3.804456355153334357e+02,-2.024923503966330998e+02,3.812963078087821032e+02
8.916770917172999589e+01,7.365539471680385475e+01,1.578636306540010992e+03,9.020439623150663522e+01,-7.126788375900864025e+01,1.348032900020006764e+03,1.531976965754860487e+02,2.377955651228365923e+02,1.317631595260544600e+03,1.969735531695126838e+02,-2.027223335318774957e+02,1.125461731021409605e+03,3.185240518963936438e+02,3.133371911656647057e+02,1.090274465320429726e+03,4.004910752290541609e+02,-1.062478269970359861e+02,1.135939157613091083e+03,4.872489092352649322e+02,1.449481919060909831e+02,1.145305623379118288e+03,3.288133488547172334e+01,-4.278863693022865533e+01,8.785011224033193002e+02,2.025121529178661035e+02,1.482449927377605832e+02,9.165825783525654060e+02,9.125841598340993244e+01,-8.063344318466084815e+01,4.051743864249166336e+02,4.523534504957454487e+02,-3.218889501224609262e+01,7.904812832323966632e+02,-2.274750848092901290e+00,-7.767102277957112832e+00,-6.419243598233848935e+00,2.846625019566564561e+02,-3.334895809352659057e+01,4.427901931944261378e+02,2.119777964029475186e+02,-6.690372913497306229e+01,-3.490745961689830867e+00,3.950588418711719214e+02,-1.992415420978528857e+02,3.668057692995912475e+02
9.040797648897304839e+01,7.576394915005128894e+01,1.576330645628443790e+03,9.341085046696207428e+01,-6.848121218543921884e+01,1.344044562683025333e+03,1.542854232603891376e+02,2.393069062786543100e+02,1.316841541920282452e+03,1.975852375763417399e+02,-1.991852859183617852e+02,1.116604194475746908e+03,3.204837603379788789e+02,3.204616878932239956e+02,1.093370413164304409e+03,4.014986020415132089e+02,-1.064348265836132583e+02,1.111642010272801826e+03,4.954858430135390677e+02,1.549458457675477803e+02,1.137842427318859336e+03,3.215830980912645032e+01,-3.784771586564647095e+01,8.771340780776758947e+02,2.002309943545429576e+02,1.531736220639475334e+02,9.133443125080817708e+02,9.166082797541146476e+01,-7.726587077958481586e+01,4.051998075185085213e+02,4.488811208958213683e+02,-2.624688916112671322e+01,7.753974485339393823e+02,-1.992342705658869617e+00,-7.592010574011941237e+00,-6.155016448474146529e+00,2.954327578651877957e+02,-3.206078718214064338e+01,4.241105227294293059e+02,2.122885959881112967e+02,-6.660687616066077510e+01,-3.550860724009881064e+00,4.109428291483613407e+02,-1.966133503523961394e+02,3.529720913264529827e+02
9.166128973028325788e+01,7.816988263638019419e+01,1.573734071736678061e+03,9.659456156429122586e+01,-6.570731655995766118e+01,1.339648868148366773e+03,1.556202760203476316e+02,2.413441496072117616e+02,1.315709738682597163e+03,1.983716472831330577e+02,-1.955785223165169100e+02,1.108221103562735379e+03,3.229003294063001022e+02,3.275355299808646237e+02,1.096866450340633719e+03,4.018142156944552426e+02,-1.061365286562930663e+02,1.087294372871941050e+03,5.034340936179266919e+02,1.654851337907081756e+02,1.130983130029299218e+03,3.101086904768562391e+01,-3.274315020121283482e+01,8.758511167723791004e+02,1.978387123388936857e+02,1.583248064291028925e+02,9.102276580522350287e+02,9.208276699065969240e+01,-7.404341941507735214e+01,4.053247750139337882e+02,4.447919206389436795e+02,-1.925210517861958337e+01,7.597402113530350789e+02,-1.850407171764803627e+00,-7.318882767032778069e+00,-6.124930511411140088e+00,3.072164313068118418e+02,-3.191359480318348929e+01,4.046898874264969095e+02,2.125772950336975100e+02,-6.643870538226991584e+01,-3.757871744832320449e+00,4.273833953804476664e+02,-1.952309952222347817e+02,3.395962624161126655e+02
9.293053212198657320e+01,8.089797212444136676e+01,1.570952009115644614e+03,9.980791015872381422e+01,-6.296448101986131007e+01,1.334911925033100260e+03,1.573113935380391979e+02,2.440165603296901224e+02,1.314265684248793377e+03,1.991971218510542769e+02,-1.917305733405087551e+02,1.099964594281759901e+03,3.257131571149595288e+02,3.350188154041000530e+02,1.100346803685842815e+03,4.016307450057385608e+02,-1.054376917078056692e+02,1.062583505192161056e+03,5.108679678789588365e+02,1.768059906558957266e+02,1.124212140280370704e+03,2.934784031427073359e+01,-2.750447137505264905e+01,8.745693002734599304e+02,1.953893470427712487e+02,1.638696572980485371e+02,9.072858024032924504e+02,9.260662564207315484e+01,-7.115471556305192280e+01,4.056135011268725634e+02,4.403723637182982316e+02,-1.132574480760610491e+01,7.435700402072797033e+02,-1.897780366245339634e+00,-6.941253186103129025e+00,-6.213416744918127677e+00,3.198446355808329145e+02,-3.317706350033526519e+01,3.848025935249141298e+02,2.126847851656849571e+02,-6.636271086107211659e+01,-4.038092414258272811e+00,4.439714204612111530e+02,-1.956622941782720488e+02,3.268285071549253189e+02
9.419262136438344157e+01,8.377196607475279677e+01,1.567969877721229750e+03,1.030712557335037616e+02,-6.023942146395241792e+01,1.329811725590050173e+03,1.593827691383664558e+02,2.471049254859261168e+02,1.312512263062202464e+03,1.999598337791240112e+02,-1.876198626486676062e+02,1.091492261302725410e+03,3.288898760711788896e+02,3.431122713475691057e+02,1.103463871272718734e+03,4.009697752955468104e+02,-1.045075456494975015e+02,1.037294106632646617e+03,5.177941471744535420e+02,1.888590603797547374e+02,1.117077515029271581e+03,2.722712527468600285e+01,-2.217512538126336352e+01,8.730906874815304946e+02,1.929836284188013735e+02,1.698233459017894802e+02,9.044298191438924732e+02,9.335161872107687486e+01,-6.869089777504215988e+01,4.061203420332231531e+02,4.359117852400399329e+02,-2.839868730764909088e+00,7.272775968943352609e+02,-2.069307863282586091e+00,-6.537016888980268448e+00,-6.276349176935414498e+00,3.332215440299410716e+02,-3.581465290185840189e+01,3.649322214801031237e+02,2.125303906177812792e+02,-6.640697225196753095e+01,-4.313654172113043472e+00,4.606692078540364150e+02,-1.981774920358306531e+02,3.151327202248918411e+02
9.538005013971267942e+01,8.651125753055204370e+01,1.564624113089034608e+03,1.063573596455097743e+02,-5.745715070088881760e+01,1.324269837399161133e+03,1.617641420709697400e+02,2.502258139121657905e+02,1.310355487675364202e+03,2.006170525826468065e+02,-1.832377535787748286e+02,1.082635364676434165e+03,3.324375815173463593e+02,3.516699893476774150e+02,1.106046302162493475e+03,3.996471976847077485e+02,-1.033900587186709714e+02,1.011476635984743325e+03,5.243726103005728874e+02,2.013278453399591967e+02,1.109427864019130084e+03,2.481847210336684739e+01,-1.679765170895336013e+01,8.711815917488005425e+02,1.907250109510344487e+02,1.761039636367294747e+02,9.014704039089930347e+02,9.443907956350581401e+01,-6.660003554851445529e+01,4.068178011223295698e+02,4.315871339887399927e+02,5.814335733890930946e+00,7.113697294793898891e+02,-2.236037734386489007e+00,-6.226718174271722361e+00,-6.210623975313361633e+00,3.473362053095247575e+02,-3.949208411654051787e+01,3.456333524764962704e+02,2.121463554497910877e+02,-6.664084047731671490e+01,-4.510839717482999944e+00,4.777102285913250057e+02,-2.026198490835567441e+02,3.050525568840964183e+02
9.640329955236293813e+01,8.886719777352917049e+01,1.560687598176468555e+03,1.096150074050170815e+02,-5.451109121725890105e+01,1.318233191691827642e+03,1.643301149181471033e+02,2.530669098068644303e+02,1.307616440993248489e+03,2.011645836612192966e+02,-1.784648983405312492e+02,1.073460942652066706e+03,3.363591020021892746e+02,3.602986216379803182e+02,1.108113945984894826e+03,3.973466278517474279e+02,-1.019376952548282134e+02,9.854546864700776041e+02,5.307558470378229458e+02,2.138378383617221630e+02,1.101451305375939683e+03,2.231965783106790013e+01,-1.139256931857966570e+01,8.686572095113766636e+02,1.886825395350660415e+02,1.826292228923931873e+02,8.981934125848590611e+02,9.595805090931249026e+01,-6.471891365174346333e+01,4.075637478987733857e+02,4.274271798340723763e+02,1.442321387174782643e+01,6.961577396438773349e+02,-2.282810996354130317e+00,-6.112384128621433987e+00,-5.994500932381909841e+00,3.622583373644027915e+02,-4.370206740261202327e+01,3.273187004596195493e+02,2.116544636437402858e+02,-6.710071523556447914e+01,-4.570248769792501164e+00,4.954090286452702117e+02,-2.084237031009672876e+02,2.968962113387906356e+02
9.721217737411495818e+01,9.074205755541566987e+01,1.556010533549997035e+03,1.128163990175634268e+02,-5.132648140130729786e+01,1.311740417662835171e+03,1.669657567873690880e+02,2.555580195417363996e+02,1.304121949834707266e+03,2.015759245532765931e+02,-1.730707226560483889e+02,1.064184302846983428e+03,3.405980413817491126e+02,3.685802784584226401e+02,1.109806155612692692e+03,3.937635514295084818e+02,-9.989706345854864367e+01,9.596661163667416758e+02,5.369647263364163337e+02,2.262336937605038258e+02,1.093509607408495867e+03,1.988138791638617775e+01,-5.926128882385117258e+00,8.654356347932758808e+02,1.868745183977981696e+02,1.893866225850427725e+02,8.944291489923913332e+02,9.794028393060102644e+01,-6.285174128321655473e+01,4.081450928880175866e+02,4.233526562289351318e+02,2.301958359040403224e+01,6.815389273142093316e+02,-2.162780969678059773e+00,-6.225802747044421714e+00,-5.678046186710350440e+00,3.781071090201139668e+02,-4.790645024767030691e+01,3.100863222832795714e+02,2.112117369932006739e+02,-6.770929919009566333e+01,-4.462406740367285352e+00,5.139687129887951187e+02,-2.147428692181662484e+02,2.905225803036606180e+02
9.785575285131503165e+01,9.225006195065274994e+01,1.550614864951332038e+03,1.159933581193978256e+02,-4.789611295784553846e+01,1.304921733426809851e+03,1.696205587827300008e+02,2.578998587922914680e+02,1.299808390087680664e+03,2.017390487308264539e+02,-1.668526353702981169e+02,1.054988242719886330e+03,3.450299452297751941e+02,3.762934686385027589e+02,1.111266449600587066e+03,3.887282574097470160e+02,-9.705845288402453264e+01,9.344566984233183575e+02,5.428832443754134829e+02,2.387477830816727362e+02,1.085906413557847600e+03,1.757886739148821320e+01,-2.911564556526910486e-01,8.615487049151181509e+02,1.852726631789658143e+02,1.964339906020053661e+02,8.900850935626301634e+02,1.003455930432817382e+02,-6.084923725331072575e+01,4.083797352796071891e+02,4.192467701767952235e+02,3.182000741219546924e+01,6.670120690834702373e+02,-1.907588631424967485e+00,-6.513459753158361565e+00,-5.333730873630345037e+00,3.949787096292770343e+02,-5.163141533664429517e+01,2.937002992617402697e+02,2.109572835755849383e+02,-6.825753441117693399e+01,-4.201191516329563669e+00,5.333472638047032888e+02,-2.206366312122995055e+02,2.853708685154944078e+02
9.849083427245034272e+01,9.370414301260828438e+01,1.544676260676301126e+03,1.192315450695377450e+02,-4.424922757316470978e+01,1.297933099350864495e+03,1.723190312818306609e+02,2.604602477288590876e+02,1.294766174588290824e+03,2.014401308993484179e+02,-1.598165229630902502e+02,1.045874632682586252e+03,3.495199436345052959e+02,3.835130400684573715e+02,1.112548584104155907e+03,3.822310223641935067e+02,-9.337157595181416525e+01,9.099774878972748411e+02,5.483601993068177762e+02,2.519339448062912936e+02,1.078762463175095945e+03,1.542762170625015727e+01,5.666517683081726986e+00,8.571181915346900269e+02,1.838179795693377798e+02,2.038363724833463664e+02,8.851403133442024682e+02,1.030580119601754063e+02,-5.865348932447519559e+01,4.082109399509027412e+02,4.150112091577480555e+02,4.109196497768547118e+01,6.519314765594031087e+02,-1.604452782444996783e+00,-6.866914023930853261e+00,-5.001595841983935031e+00,4.128397454998741978e+02,-5.452474035879240688e+01,2.777579152546868499e+02,2.109784792349962856e+02,-6.848994060389367178e+01,-3.842557911673025295e+00,5.532114396810520702e+02,-2.252746217808470703e+02,2.807364222878164810e+02
9.932036033622152615e+01,9.553633063583498597e+01,1.538409986648440736e+03,1.226187310428764334e+02,-4.037391163370042335e+01,1.290868504876153565e+03,1.751212589564015047e+02,2.636083341459231519e+02,1.289199045418107289e+03,2.004189766897438290e+02,-1.522499536276691003e+02,1.036651024097909612e+03,3.540056250990833178e+02,3.905431802410142836e+02,1.113598737607111843e+03,3.743469439450876166e+02,-8.898345219122778360e+01,8.862447814114906350e+02,5.533279004686191911e+02,2.663850055389345357e+02,1.072063482259979992e+03,1.341348292362649630e+01,1.207716834499797542e+01,8.523131414480160402e+02,1.824402834005872194e+02,2.115919207185577022e+02,8.796246947776676279e+02,1.058975998849795133e+02,-5.629615884138569726e+01,4.077298147367055776e+02,4.105945344633634022e+02,5.102597953503300943e+01,6.358618525071298109e+02,-1.359045928889143218e+00,-7.178649026609443595e+00,-4.664865848082303756e+00,4.314269442042865990e+02,-5.641099411852366785e+01,2.619623769331785752e+02,2.113003083817208108e+02,-6.825820937049837767e+01,-3.464331555233913118e+00,5.729799445337124553e+02,-2.281196618721763798e+02,2.761389268500991534e+02
1.004935964838276448e+02,9.817630731417112600e+01,1.531941993398993645e+03,1.261753716025276759e+02,-3.616130429374954502e+01,1.283700408072386836e+03,1.780574990178764381e+02,2.675655397854091007e+02,1.283331964979345230e+03,1.984738909660188995e+02,-1.446083616782420904e+02,1.027051720814107512e+03,3.585337042824247078e+02,3.977340283652893618e+02,1.114324585417002027e+03,3.651319597671753741e+02,-8.421605125878646447e+01,8.632826792594196377e+02,5.578474799435171008e+02,2.824007093098817336e+02,1.065801320021061883e+03,1.151199590271048656e+01,1.897754998229196133e+01,8.473019639505099576e+02,1.810786858849592136e+02,2.196082044079305433e+02,8.736082366215051707e+02,1.086550947828686020e+02,-5.385789171539838094e+01,4.071124642569370167e+02,4.060079747628471409e+02,6.166203900659556325e+01,6.188329879695709224e+02,-1.251390774720155807e+00,-7.385946841453333356e+00,-4.269412322188901321e+00,4.502085247697611408e+02,-5.733424532003743934e+01,2.463474958204245695e+02,2.118947567542294053e+02,-6.764218864641081552e+01,-3.137236122899579538e+00,5.919331657356245842e+02,-2.290224936507298992e+02,2.715621953118761098e+02
1.020305513509207458e+02,1.019188409318044677e+02,1.525250049609842335e+03,1.298114720573298086e+02,-3.143502788551524674e+01,1.276275171532782906e+03,1.810805228157697684e+02,2.723220490298447771e+02,1.277329552314999546e+03,1.955568324027155143e+02,-1.372835331707489672e+02,1.016892950394231661e+03,3.632132695481132032e+02,4.052934789102151285e+02,1.114705132995671192e+03,3.545765964924185596e+02,-7.952696673620830836e+01,8.412031939504779530e+02,5.620610905545139531e+02,2.998147363032695125e+02,1.060072455106134839e+03,9.698183767588025361e+00,2.629450129779804257e+01,8.422098337087264781e+02,1.797031156734897195e+02,2.277498689721970777e+02,8.672047842238440580e+02,1.111516030870973566e+02,-5.141196239312608185e+01,4.065170356629288904e+02,4.013433252541888123e+02,7.288587590113633041e+01,6.013501767881517708e+02,-1.287766710837294548e+00,-7.475606930188718913e+00,-3.770063238385076065e+00,4.684406108068083086e+02,-5.751642970824533307e+01,2.313211187284901200e+02,2.127041764693315713e+02,-6.694298965866821050e+01,-2.903289375086135937e+00,6.093500793607147443e+02,-2.281587357586243741e+02,2.674186333362358710e+02
1.038185151051556119e+02,1.068152224828180721e+02,1.518204791974185127e+03,1.333411295345744350e+02,-2.606858190157913668e+01,1.268361752948970434e+03,1.840730927695531705e+02,2.776347656179151500e+02,1.271266937322656077e+03,1.917990719863147149e+02,-1.304297489826990670e+02,1.006147986004539803e+03,3.681188379242947235e+02,4.131960353166257960e+02,1.114860148176106577e+03,3.426478436040782753e+02,-7.547283498122892809e+01,8.201427007941629199e+02,5.661055929354596401e+02,3.180884614541196811e+02,1.055057265260588338e+03,7.962351922547865613e+00,3.389207214493954723e+01,8.370899029623656133e+02,1.783324950487331080e+02,2.359196455148057510e+02,8.605692472444294481e+02,1.133103795641796410e+02,-4.898185047643561774e+01,4.060071142965486501e+02,3.967854108370453901e+02,8.448686433635239723e+01,5.841579327215882813e+02,-1.366193251696739885e+00,-7.453286153292124183e+00,-3.170126816146703330e+00,4.853079668253247974e+02,-5.717013546565391380e+01,2.174940752043847283e+02,2.136687993250140778e+02,-6.653476863239635009e+01,-2.769520788703348835e+00,6.246377861962220095e+02,-2.258011721971498389e+02,2.642553802798061611e+02
1.056790031720248351e+02,1.126331370562493817e+02,1.510670842241977425e+03,1.365509543829615779e+02,-2.011700245179681446e+01,1.259733567773390178e+03,1.869138497202396252e+02,2.831065625098631244e+02,1.265149405023067629e+03,1.874442908234402978e+02,-1.239816801761072185e+02,9.949072039287292455e+02,3.732189190960862675e+02,4.212233126461375718e+02,1.115015867850172299e+03,3.293715374064806838e+02,-7.264819287554969662e+01,8.001101725889312775e+02,5.700576679980999870e+02,3.366052391138177882e+02,1.050905552129787111e+03,6.334703134994453144e+00,4.164361689390876364e+01,8.319136907606124396e+02,1.770369948841373002e+02,2.441082386369364201e+02,8.538626139944259421e+02,1.152072612986611517e+02,-4.653463587501964582e+01,4.055411233348352766e+02,3.925956985540324808e+02,9.625414622218360705e+01,5.678933288641721902e+02,-1.287620802096562267e+00,-7.307919676334660330e+00,-2.528420709651517218e+00,5.001022246377975762e+02,-5.621022781195954110e+01,2.053766528939476075e+02,2.147447758016562318e+02,-6.666058346415977098e+01,-2.712386265251128137e+00,6.374409108224188003e+02,-2.220289340849308530e+02,2.623625224911228884e+02
1.074568885462491181e+02,1.189270095950651580e+02,1.502596003642423739e+03,1.392833305179158288e+02,-1.385705555789330035e+01,1.250257430672619421e+03,1.895617309170897613e+02,2.883358632600056808e+02,1.258947295557838970e+03,1.827176178044848314e+02,-1.178348520417762870e+02,9.832864839244064115e+02,3.783827014381470804e+02,4.290960743617474691e+02,1.115371902071790373e+03,3.148753613452103650e+02,-7.155576192672555180e+01,7.808943069625544240e+02,5.739365106172276683e+02,3.549753843471879122e+02,1.047613814491935500e+03,4.897536282903797833e+00,4.947864381508963305e+01,8.265828602405380252e+02,1.759111675481367456e+02,2.523782979043734827e+02,8.471856844627461669e+02,1.170589717101451868e+02,-4.401014675687864752e+01,4.050198229953849705e+02,3.890543813263979587e+02,1.080780281399268716e+02,5.528202841994849450e+02,-8.327271308372080627e-01,-7.003634534292146441e+00,-1.932966237801371001e+00,5.123772309545050803e+02,-5.402728001145665360e+01,1.950922271783697965e+02,2.159011250156122514e+02,-6.730031824914929928e+01,-2.684971172655637339e+00,6.477263926072718050e+02,-2.165393000468732225e+02,2.614854369342539826e+02
1.090755575143041511e+02,1.252186780537865758e+02,1.494041281731357458e+03,1.414857345623699700e+02,-7.679513958546682950e+00,1.239963701890987977e+03,1.920987022841624992e+02,2.930973318987156517e+02,1.252619151425430800e+03,1.776948240297936366e+02,-1.120185140861988202e+02,9.713789408190777976e+02,3.834519886429694679e+02,4.366210322095818128e+02,1.115948048824535135e+03,2.993494634246503665e+02,-7.241474217919130751e+01,7.621423774738929069e+02,5.777404410153819754e+02,3.731697589326230400e+02,1.044969895162830881e+03,3.760679147432840708e+00,5.738398639194609530e+01,8.209618566350688980e+02,1.750204556836561096e+02,2.608059744612514805e+02,8.405199841761567541e+02,1.191345726187267644e+02,-4.136224278832925449e+01,4.043521963782324065e+02,3.863779180300400071e+02,1.200233854841681733e+02,5.387800039822606095e+02,1.175837573764652866e-01,-6.508301848070845885e+00,-1.463200133193176766e+00,5.220273688898955697e+02,-4.949796714514237550e+01,1.862492429152248405e+02,2.170960592935903151e+02,-6.819466595944460607e+01,-2.626861342357222462e+00,6.558181094380136074e+02,-2.086723571598437275e+02,2.607788427863655443e+02
1.105356693797399714e+02,1.312129552929058605e+02,1.485155564615210096e+03,1.432009906718428169e+02,-1.882445421283581943e+00,1.229071592201519252e+03,1.946940068414908183e+02,2.974735089487829782e+02,1.246122589547204825e+03,1.722364799372120387e+02,-1.067002521171251601e+02,9.592876429253310562e+02,3.883170687742846212e+02,4.437854583409620091e+02,1.116514903296211514e+03,2.829510158671131990e+02,-7.500139194427607947e+01,7.435860132494932486e+02,5.814832357017868389e+02,3.914230994353860069e+02,1.042592314261470619e+03,3.004124403203147331e+00,6.537767240781049338e+01,8.149241406032600707e+02,1.743480238308260653e+02,2.694374357618715408e+02,8.337240119119096562e+02,1.216283235998881054e+02,-3.858064629245499333e+01,4.035000443752821297e+02,3.846513178772890456e+02,1.323507290716791829e+02,5.253616741002675781e+02,1.482653062667387500e+00,-5.837095628501938194e+00,-1.166737557455721275e+00,5.292605713445273068e+02,-4.127772012951441383e+01,1.780349432489977630e+02,2.182499879154040627e+02,-6.900954189152980689e+01,-2.483391865346179284e+00,6.623376188252333350e+02,-1.976142909673153838e+02,2.590200478087912188e+02
1.118797248657179466e+02,1.369237400895708561e+02,1.476128083781348096e+03,1.445124573654363473e+02,3.503032669529943632e+00,1.217946035082826938e+03,1.975083238482127683e+02,3.018477278434845630e+02,1.239426565295605769e+03,1.660214594612342864e+02,-1.020140511851605396e+02,9.471893804391360163e+02,3.929441608049045271e+02,4.507669744420998654e+02,1.116666944649607558e+03,2.657241083181091881e+02,-7.865273253230087391e+01,7.252581999007035165e+02,5.852177090245580757e+02,4.099956439254081033e+02,1.040048352538490235e+03,2.626604376155879272e+00,7.348771193893267650e+01,8.083934258681904339e+02,1.737796112454349782e+02,2.782991103944933116e+02,8.265975205667984937e+02,1.245711328374083422e+02,-3.567762746680758568e+01,4.024840699501198173e+02,3.838106113708520297e+02,1.454731716452643298e+02,5.121709581512279783e+02,2.974117384466140379e+00,-5.074347616724538490e+00,-1.060746397822995846e+00,5.344841793481277819e+02,-2.824023825719893566e+01,1.694837121714376735e+02,2.192402347373151201e+02,-6.953666687283549663e+01,-2.235157669987988704e+00,6.680382790403165245e+02,-1.826328822899960471e+02,2.549843846638800073e+02
1.131626661107959393e+02,1.426233721748349694e+02,1.467143313739871019e+03,1.454838594610215807e+02,8.733208493499700964e+00,1.206981497585643638e+03,2.006019999613119467e+02,3.067302433296121080e+02,1.232528012866545396e+03,1.586717816896356226e+02,-9.786582273187660519e+01,9.353452215670419037e+02,3.973542834654445528e+02,4.578619890787375653e+02,1.116005783439644802e+03,2.475976746644296327e+02,-8.248658664535834362e+01,7.075326125946855882e+02,5.890489870218390251e+02,4.289554510118964572e+02,1.037009545487713467e+03,2.543953386465670707e+00,8.175032851280300861e+01,8.013568547190188838e+02,1.731456039403988143e+02,2.874504833227247218e+02,8.189738970790593839e+02,1.278419202617549217e+02,-3.265410955139842031e+01,4.013593301279851175e+02,3.836846272909186837e+02,1.598541211513627047e+02,4.990306877418951217e+02,4.204450857503140959e+00,-4.350298295677299087e+00,-1.146452838529956608e+00,5.381670689955474245e+02,-9.833065857375361318e+00,1.597881615255803069e+02,2.199311109357938108e+02,-6.980490612188752664e+01,-1.923886019741650077e+00,6.735922108409926068e+02,-1.632114307134264095e+02,2.478221404480198373e+02
1.144488310871879690e+02,1.486408959350798398e+02,1.458341905391332375e+03,1.461297091771300245e+02,1.419855955540978343e+01,1.196449063608443112e+03,2.039099492471546284e+02,3.124989145836111675e+02,1.225458357123373162e+03,1.499215689633479656e+02,-9.390148789291434639e+01,9.240236871215996644e+02,4.015950529017378017e+02,4.653661299461562635e+02,1.114323259650320551e+03,2.284724607048991345e+02,-8.573942404023590313e+01,6.909410734222599331e+02,5.931305805627621339e+02,4.481057377603237342e+02,1.033386207499217562e+03,2.645687827173480056e+00,9.021549243213935654e+01,7.938413377331328320e+02,1.723017984054809517e+02,2.970317853320398171e+02,8.107792736291185065e+02,1.312724822480952582e+02,-2.947991703210869829e+01,4.001811228495683963e+02,3.840752452959886796e+02,1.758736891385401577e+02,4.860137972028201148e+02,4.864626944126056785e+00,-3.781762804319103388e+00,-1.416919636263785254e+00,5.407457676298323577e+02,1.382646453918644092e+01,1.485134471732968109e+02,2.202280069736103769e+02,-7.003523763795892876e+01,-1.653914960945921830e+00,6.794346611070010340e+02,-1.390588540189493756e+02,2.372832309703355236e+02
1.158217009484789060e+02,1.551422241417949692e+02,1.449785780410624284e+03,1.464262554173160709e+02,2.019590525084653621e+01,1.186382738883712591e+03,2.072968430428456372e+02,3.192093696744782960e+02,1.218265990338572919e+03,1.397560986498215811e+02,-8.969182472274599149e+01,9.133880764604355136e+02,4.057382036898363253e+02,4.734612845078471537e+02,1.111669853145645220e+03,2.083469397742360059e+02,-8.802290350931701823e+01,6.758927482634238686e+02,5.976250167880072013e+02,4.670753456198709728e+02,1.029379458786721443e+03,2.869942894520883581e+00,9.893941649457141807e+01,7.858709662325354657e+02,1.712017601186680622e+02,3.072616884276767451e+02,8.020264535171445459e+02,1.347703756695671018e+02,-2.611237780545165776e+01,3.989804502925039174e+02,3.848388737146933067e+02,1.937128943531174912e+02,4.733306166418075236e+02,4.874057862664813001e+00,-3.411844302718687327e+00,-1.849080226639090885e+00,5.425933951731697107e+02,4.213358793968498617e+01,1.356477392127714268e+02,2.201241843052629577e+02,-7.047288684944582826e+01,-1.560333812167452594e+00,6.857352151614137483e+02,-1.100721424423416863e+02,2.237069291849882973e+02
1.173788542622705364e+02,1.620421460713719171e+02,1.441435408975097516e+03,1.463460869476315338e+02,2.677364741898961142e+01,1.176579339320087001e+03,2.106493502682035341e+02,3.265973736396398408e+02,1.210981410009675983e+03,1.284479290223661394e+02,-8.500311622584645477e+01,9.034402976507835774e+02,4.098910684006915517e+02,4.821667163383803540e+02,1.108276705552290196e+03,1.873977802386596920e+02,-8.934941966792635526e+01,6.624930534477175570e+02,6.026255350713436201e+02,4.854999181909086587e+02,1.025419541229707420e+03,3.239538397767409705e+00,1.079594334344922402e+02,7.774396360312126717e+02,1.699163440499953595e+02,3.183739997879093266e+02,7.927642114118641530e+02,1.383704483882012823e+02,-2.254159860811030924e+01,3.977575439594767772e+02,3.859343612855930701e+02,2.133084034953489834e+02,4.611777704648345093e+02,4.415439491702722208e+00,-3.184305621400358000e+00,-2.389376040956353808e+00,5.440114212557153905e+02,7.432944660571826034e+01,1.215182907535522787e+02,2.197100446800237421e+02,-7.120951860529265787e+01,-1.756542151330878543e+00,6.924772848982527194e+02,-7.632508714483157064e+01,2.078009089981908062e+02
1.192003650543598070e+02,1.691060388536821506e+02,1.433153310861401224e+03,1.458895965240652686e+02,3.374194138217166739e+01,1.166728074394017312e+03,2.139411761768098188e+02,3.342709572336577821e+02,1.203589867518820711e+03,1.164608760229605622e+02,-7.994134285993108335e+01,8.940732500799688296e+02,4.141813985249629013e+02,4.913831747990478789e+02,1.104408213642552482e+03,1.659493367688656633e+02,-8.994720551479235837e+01,6.505812005183418023e+02,6.080705876048166374e+02,5.031968502135479184e+02,1.022017383877924431e+03,3.833756385645687104e+00,1.172679050126343299e+02,7.685222402206617289e+02,1.685883212482320062e+02,3.305213426191571102e+02,7.830321396662066036e+02,1.421801433414844098e+02,-1.881981574708092708e+01,3.964915798041790822e+02,3.874188770867860399e+02,2.344079550897704962e+02,4.496486890253085562e+02,3.831863612060960378e+00,-2.965529793474901865e+00,-2.950949395799236985e+00,5.451944817443851434e+02,1.098115053798375982e+02,1.066532207106272523e+02,2.191366920945167465e+02,-7.211304253344742676e+01,-2.287036642516115492e+00,6.995647875183851738e+02,-3.807209925372573167e+01,1.903321048231470058e+02
1.213055638727569487e+02,1.761618874250512476e+02,1.424739259202699031e+03,1.450957361229096421e+02,4.082373719222048436e+01,1.156603626176510716e+03,2.172323169336815454e+02,3.419617410256752805e+02,1.196032149346291590e+03,1.042655064337115363e+02,-7.485158997267899395e+01,8.851991380557805087e+02,4.186943431077573905e+02,5.010031185811544674e+02,1.100264196018930761e+03,1.443370113869926286e+02,-9.003435126913599618e+01,6.399425614746005522e+02,6.137024535774759215e+02,5.202648492125628081e+02,1.019602567877418892e+03,4.723474121391237901e+00,1.268076893957051112e+02,7.591168123935259473e+02,1.673496502775531667e+02,3.436945189760090216e+02,7.728565047319158339e+02,1.462641308865958933e+02,-1.503590990381863612e+01,3.951589637942599893e+02,3.893951979551649174e+02,2.567103156245071318e+02,4.387331118754212866e+02,3.444165479879286895e+00,-2.599533100595257551e+00,-3.432686326820187706e+00,5.461657138385543249e+02,1.483039693370008649e+02,9.165219579443053988e+01,2.185529950124756624e+02,-7.290692148752088997e+01,-3.106769543254142008e+00,7.068817611479252037e+02,4.308620211004426714e+00,1.718894549954640354e+02
1.236261286158807593e+02,1.832636388278313007e+02,1.415987344682005187e+03,1.440315434076482290e+02,4.783505671034720308e+01,1.146208895521529030e+03,2.206111740486276744e+02,3.496691296910180995e+02,1.188232356680313842e+03,9.216383449758271240e+01,-7.004354927724997992e+01,8.768627410717617749e+02,4.233898096825153061e+02,5.110102456255714856e+02,1.095989535955129213e+03,1.227473235131529208e+02,-8.972133753857693250e+01,6.305355086240318769e+02,6.191015169540148690e+02,5.370774879367609174e+02,1.018419644855521369e+03,5.924292692750769085e+00,1.364980021406555579e+02,7.492836707277705273e+02,1.662500888084900907e+02,3.576988732702727702e+02,7.622812693422615666e+02,1.505576372426191654e+02,-1.123757356810277130e+01,3.937504999845829161e+02,3.919340249926975730e+02,2.800219452003007632e+02,4.283675194200992564e+02,3.393296723385609948e+00,-1.967141836983882452e+00,-3.754471317350513537e+00,5.467316195524817886e+02,1.898622372863142687e+02,7.708341331755639203e+01,2.180501775481251059e+02,-7.333873338194889868e+01,-4.092777800407130684e+00,7.142813052146494783e+02,5.046751076594668461e+01,1.528255425526170370e+02
1.260143601970798954e+02,1.906883302533884432e+02,1.406746056812682582e+03,1.427714705293938096e+02,5.478525618704860278e+01,1.135779276309220677e+03,2.241227444601729246e+02,3.576130709992407333e+02,1.180134141382487769e+03,8.021372754756767165e+01,-6.554047520816469330e+01,8.692612928146381819e+02,4.280606827429853070e+02,5.214905531355568655e+02,1.091743945306550359e+03,1.011431483756293801e+02,-8.907245621477527209e+01,6.225792318010903728e+02,6.237858772154283997e+02,5.541683201394433809e+02,1.018509075045780719e+03,7.402747452622267410e+00,1.462790313780484155e+02,7.391481670466537253e+02,1.652375004882497365e+02,3.722007686412230214e+02,7.513976378185122940e+02,1.548733270490484699e+02,-7.352918050470435674e+00,3.922782117581313059e+02,3.950060862561620070e+02,3.043406025118087541e+02,4.184859163761835248e+02,3.595656853144833409e+00,-1.025658102419541251e+00,-3.891309398662383234e+00,5.465084192011524920e+02,2.347405830743398383e+02,6.340074747483249240e+01,2.176421637178847845e+02,-7.332501325456944130e+01,-5.079133892325208066e+00,7.215250521768359704e+02,1.002484514614329498e+02,1.333692569579128246e+02
1.282844189565476825e+02,1.987797921032339730e+02,1.396962873505814059e+03,1.413780207481217985e+02,6.186728413348677691e+01,1.125647045807138056e+03,2.277295323911737341e+02,3.660476258355697041e+02,1.171727020729636706e+03,6.827906055136342900e+01,-6.101720411438133596e+01,8.626649696938719671e+02,4.323770365742523154e+02,5.325384055204085598e+02,1.087734189972006106e+03,7.933261673800842573e+01,-8.821447474314521742e+01,6.164589596774779920e+02,6.273376786837649206e+02,5.720315233236668746e+02,1.019745957461519652e+03,9.125724756580668284e+00,1.561535383566933604e+02,7.288619480331777822e+02,1.642000188547396249e+02,3.868272218798712174e+02,7.403390149517550753e+02,1.589954366481155148e+02,-3.176757338272606201e+00,3.907662880376130374e+02,3.984536239603818899e+02,3.298142073914277717e+02,4.090481127229089111e+02,3.828551895102620062e+00,1.776172502579974610e-01,-3.888013701221155749e+00,5.450256343817608240e+02,2.831682225614252957e+02,5.088549200750141921e+01,2.172881185434471547e+02,-7.299000638804581342e+01,-5.900649291755323489e+00,7.282128023687289442e+02,1.537150015603378108e+02,1.138029387752893626e+02
1.302683779098476862e+02,2.077665870957812047e+02,1.386698845258238407e+03,1.398882180112557023e+02,6.939232244341607725e+01,1.116055044996526931e+03,2.313266023862936720e+02,3.750786622337060408e+02,1.163055083151410145e+03,5.615486248596319285e+01,-5.594366532167768469e+01,8.573080392949165116e+02,4.360078579739223983e+02,5.441262648372129433e+02,1.084158506415400325e+03,5.714651679913689719e+01,-8.736318467542392341e+01,6.125347099570025193e+02,6.295157910257445337e+02,5.908996389156836813e+02,1.021890804017236974e+03,1.111065091586797138e+01,1.662104202116649674e+02,7.185510501476264835e+02,1.630461263156178120e+02,4.012851303130426572e+02,7.292391278585774899e+02,1.627919481242139454e+02,1.555138577851300496e+00,3.892283140640870442e+02,4.020094939359794353e+02,3.566100475668796435e+02,4.000487143344926153e+02,3.883620395061118558e+00,1.512464788851070496e+00,-3.844369594917381061e+00,5.418598493269248593e+02,3.351030841934739328e+02,3.963302046020141489e+01,2.169392545186654502e+02,-7.259441886324691495e+01,-6.433693323042896317e+00,7.337446445695625243e+02,2.109699261414885427e+02,9.457701946166288565e+01
1.318663910927221821e+02,2.176925624933819563e+02,1.376104095118422492e+03,1.383044864392479951e+02,7.774493767782094267e+01,1.107039963462446167e+03,2.347958304761644683e+02,3.846151987647681381e+02,1.154207569296512929e+03,4.367734140229487139e+01,-4.981021609355536128e+01,8.533393449900023597e+02,4.387570570507950833e+02,5.560503511543132618e+02,1.081105712383253149e+03,3.461020863107304990e+01,-8.673808520372736552e+01,6.110000201838350904e+02,6.303227698070364795e+02,6.106001140404606531e+02,1.024633050878172298e+03,1.343656378668039153e+01,1.766289048427904902e+02,7.082893863409224195e+02,1.617784139435169379e+02,4.154635214439463198e+02,7.181813420987987229e+02,1.662668404702537259e+02,7.048481615614423212e+00,3.876430309016489559e+02,4.053479441458817405e+02,3.848020265877395332e+02,3.915125800159607934e+02,3.689867392094081655e+00,2.791481951402428940e+00,-3.872878193304225114e+00,5.367331457963946377e+02,3.900751743418737760e+02,2.959655196380611741e+01,2.165801861053539596e+02,-7.241085009103116477e+01,-6.626692838300153987e+00,7.373543088599495832e+02,2.718826753710129651e+02,7.629026597560680045e+01
1.330753064552455669e+02,2.285036352126164729e+02,1.365357328869117964e+03,1.365894144627442301e+02,8.738355227836980532e+01,1.098455016015659339e+03,2.380605093662107095e+02,3.944841845529012971e+02,1.145292112365877983e+03,3.075037026857608069e+01,-4.228071030642985306e+01,8.508643591986190131e+02,4.406324714967524301e+02,5.680262518558264446e+02,1.078500275631483191e+03,1.198368234113628361e+01,-8.643634743779210794e+01,6.118854020200706145e+02,6.299985326994493562e+02,6.305987464899351380e+02,1.027645317136978292e+03,1.620830753452869288e+01,1.876670630954482704e+02,6.981136865007811139e+02,1.605204887166285914e+02,4.294852184873562919e+02,7.071733394829616373e+02,1.695230100162614519e+02,1.337124213544244711e+01,3.859468189915334619e+02,4.081417480026885301e+02,4.143744260361851843e+02,3.834765951575811869e+02,3.336926278375023092e+00,3.822231400085666309e+00,-4.043695407457847502e+00,5.295337702101624018e+02,4.472296228231370492e+02,2.066985634500793978e+01,2.162429886661162470e+02,-7.261128960151161493e+01,-6.512884787931444208e+00,7.382322025419663305e+02,3.359503961353694876e+02,5.954804603314742195e+01
1.339849038197212678e+02,2.402128294570054834e+02,1.354593721027553329e+03,1.346684477224451086e+02,9.883722766215706201e+01,1.090107479160593130e+03,2.411057756958264235e+02,4.046255207246492205e+02,1.136396658205942686e+03,1.728746121713836104e+01,-3.320267044133417045e+01,8.500272306165722966e+02,4.418009094154959939e+02,5.799061912712268168e+02,1.076150425006642308e+03,-1.037961005779828838e+01,-8.635109048496192941e+01,6.151788780167250934e+02,6.289250415493243054e+02,6.502689364874523790e+02,1.030665116175026014e+03,1.950202128155320835e+01,1.996307454074642465e+02,6.880596931765078352e+02,1.594826450484894451e+02,4.436828489748772313e+02,6.961621428307190627e+02,1.726715088344997469e+02,2.046681024386719727e+01,3.840537391400403635e+02,4.101101712233821104e+02,4.453449078824045273e+02,3.759659706875333995e+02,2.999713295914838707e+00,4.485862705708781206e+00,-4.341423891055832485e+00,5.202581068373101516e+02,5.055778793507903401e+02,1.276645736557632027e+01,2.159917538875336618e+02,-7.320631297611060972e+01,-6.197339762651753681e+00,7.357096719755706999e+02,4.024330303434712164e+02,4.478120644034963505e+01
1.347377186943250251e+02,2.530083054353979435e+02,1.343862725954461894e+03,1.324444660781896346e+02,1.126230952207682918e+02,1.081916369944205826e+03,2.439578737483588213e+02,4.152307411561269532e+02,1.127558930732810040e+03,3.135339202990431229e+00,-2.252123275817104897e+01,8.510458507539939319e+02,4.424516413892557694e+02,5.918895999005950443e+02,1.073876092624577950e+03,-3.226745572834892783e+01,-8.616426937517321960e+01,6.209476926572183402e+02,6.274613040995161555e+02,6.692844069664334938e+02,1.033574223874868039e+03,2.333415164066990499e+01,2.128122228942074798e+02,6.781815640738082038e+02,1.588867476091844821e+02,4.584955892661879489e+02,6.850784077275063737e+02,1.757557402815905903e+02,2.824247673962130989e+01,3.818928710324562417e+02,4.110580898379272980e+02,4.779010590517073638e+02,3.689893028936559745e+02,2.827275807193193380e+00,4.811269671232493828e+00,-4.659386385841981948e+00,5.089092520324230691e+02,5.643116360144288137e+02,5.859684380879814469e+00,2.158911683138203728e+02,-7.404941237853527980e+01,-5.816968100350904614e+00,7.294255597700882845e+02,4.706782172491411416e+02,3.213525725389301613e+01
1.354627153283787777e+02,2.672146129762064675e+02,1.333148065339636105e+03,1.298209967815567722e+02,1.290635866493641970e+02,1.073993484082399391e+03,2.466428222617567769e+02,4.267260387313601200e+02,1.118769042810331939e+03,-1.193715856793480512e+01,-1.019873144043649837e+01,8.541576055566591776e+02,4.426500139524304132e+02,6.045755164151491954e+02,1.071634373061275255e+03,-5.374443830803114963e+01,-8.539343536298667914e+01,6.293649849730727510e+02,6.257742281173375432e+02,6.879080294627729018e+02,1.036408415482361761e+03,2.768009163871431610e+01,2.274000433471928204e+02,6.685340756896659968e+02,1.588938039264302517e+02,4.743185529947191981e+02,6.738853894849492008e+02,1.787438565326017965e+02,3.666086987119913942e+01,3.794338599629992927e+02,4.109104739783863920e+02,5.124161380047244165e+02,3.625693735317678374e+02,2.872534048460647860e+00,4.990435116810833627e+00,-4.842026499822003061e+00,4.954097366197679548e+02,6.229594542240650981e+02,-1.951090658808107836e-02,2.159768269676250156e+02,-7.490274201027852996e+01,-5.486984374652103646e+00,7.193868736725102053e+02,5.403786113800380235e+02,2.150244765860867702e+01
1.362095269255986523e+02,2.831283583266048822e+02,1.322441958753717245e+03,1.267230353597383328e+02,1.480853620682922553e+02,1.066608362245346370e+03,2.491510053517819756e+02,4.396024004041324815e+02,1.110015712163679609e+03,-2.815014885351215668e+01,3.800307421692560528e+00,8.595139646972173750e+02,4.422679635935538158e+02,6.187896759056186511e+02,1.069564186719608188e+03,-7.502939884182453056e+01,-8.346358109751808740e+01,6.406404567721406238e+02,6.237516739253003379e+02,7.069638959155405473e+02,1.039261073727913981e+03,3.253322377523890907e+01,2.433943023242280788e+02,6.591360317125744359e+02,1.595737570954425166e+02,4.913703452971604975e+02,6.626118351389565078e+02,1.815968560145749393e+02,4.576841957342315936e+01,3.766755281772664716e+02,4.097331943126304168e+02,5.492915308425129979e+02,3.567867359437361756e+02,3.102796729904197193e+00,5.302940951100068467e+00,-4.759282652375839362e+00,4.795851198714744896e+02,6.812619156248074432e+02,-4.803197853146879304e+00,2.162414987006747253e+02,-7.554049886359264576e+01,-5.260428045873765335e+00,7.058832341891642272e+02,6.115383499397272544e+02,1.267529546483109471e+01
1.369136244365656125e+02,3.008405387499631161e+02,1.311823070200766324e+03,1.231041192638239608e+02,1.691475363220565100e+02,1.060068929542516116e+03,2.514187893813194705e+02,4.541947315643478191e+02,1.101354866448689791e+03,-4.557036723206972795e+01,1.948457174526339841e+01,8.671043128843350587e+02,4.410242428892179873e+02,6.352624251971203648e+02,1.067929818280525069e+03,-9.614438688157640911e+01,-7.979369343108328394e+01,6.549275155249788440e+02,6.210531711041161316e+02,7.274656845626868744e+02,1.042132110517847877e+03,3.796245734579528630e+01,2.605870361267542421e+02,6.499577555697260323e+02,1.609276684800172745e+02,5.096484000772867375e+02,6.513599248330320961e+02,1.843711997707695502e+02,5.565435524361193131e+01,3.736009306041731861e+02,4.077155763229500849e+02,5.887057150759191018e+02,3.517796647956375296e+02,3.471402444300679679e+00,5.981273739416056223e+00,-4.374220720761212711e+00,4.612379207077047454e+02,7.388548841911856471e+02,-8.404218709134088527e+00,2.166444903407704032e+02,-7.584327478626717323e+01,-5.125165154662837175e+00,6.892877053928169744e+02,6.841492099184993094e+02,5.508146354462119199e+00
1.374066269421782067e+02,3.201617101982532176e+02,1.301480586954023465e+03,1.189374518299878076e+02,1.914050140622762797e+02,1.054590370957034793e+03,2.533222036360645859e+02,4.705425369129290516e+02,1.092956451489229039e+03,-6.401040944782066333e+01,3.683892000197405991e+01,8.767612891351609505e+02,4.385955892160374106e+02,6.543351609655285301e+02,1.067005567294668708e+03,-1.165766218672450805e+02,-7.389269623345572313e+01,6.722738953167482805e+02,6.172806528453019155e+02,7.501108922468772562e+02,1.044832561254862412e+03,4.411919923228616369e+01,2.786485577010867019e+02,6.409593573645619244e+02,1.629369148596387902e+02,5.289995992939859661e+02,6.402883655285095301e+02,1.872869526701633163e+02,6.639277731109710601e+01,3.701313122829407689e+02,4.050949565736315776e+02,6.304284682006104958e+02,3.476663442870230369e+02,3.987807455121327393e+00,7.101468114060710768e+00,-3.761989068975099215e+00,4.402701554025941846e+02,7.950124090517316517e+02,-1.073290720986177682e+01,2.171400608940371342e+02,-7.583223950445568562e+01,-5.040254887499801661e+00,6.698302435116256675e+02,7.578091922809473999e+02,-3.820805847012592737e-02
1.374607733351717513e+02,3.406899921782800789e+02,1.291664658102830799e+03,1.142012009910751118e+02,2.140742306560356667e+02,1.050219712405145401e+03,2.546779490242630857e+02,4.884108222693395192e+02,1.085091871101414654e+03,-8.303983894440204949e+01,5.588551093579495443e+01,8.882327994517082743e+02,4.347218832945353597e+02,6.758601219659749404e+02,1.066963998719194251e+03,-1.352431324449259478e+02,-6.543491337041099598e+01,6.926225470987602648e+02,6.121771935961457984e+02,7.749573208165699043e+02,1.047014339542741709e+03,5.117441619841466149e+01,2.972942461161560459e+02,6.321591773244333581e+02,1.655976573517641839e+02,5.492642186489163123e+02,6.295749516961961945e+02,1.907041294236132103e+02,7.803082825044062076e+01,3.661135121094678198e+02,4.020360408933821645e+02,6.738230288211414063e+02,3.444278232824894417e+02,4.726441105068917459e+00,8.575705909706167418e+00,-3.058955322375346508e+00,4.167761363677602731e+02,8.486701483964491217e+02,-1.173071591947993397e+01,2.177086075308262139e+02,-7.562107403227696523e+01,-4.984382286734338585e+00,6.474422352750640357e+02,8.315640945348368405e+02,-4.002307860594132016e+00
1.368406103612988147e+02,3.619753277392741779e+02,1.282596646845992609e+03,1.088724595062410430e+02,2.368268907760771356e+02,1.046845271563161532e+03,2.552576320770132838e+02,5.074530738246507440e+02,1.078058720978178371e+03,-1.021042248404055073e+02,7.676516305155595887e+01,9.012552780923298315e+02,4.292436909379100030e+02,6.993446135267514592e+02,1.067806658426713739e+03,-1.508628974913955290e+02,-5.426511492795133762e+01,7.158159653891081007e+02,6.057341221235590183e+02,8.014897559545670447e+02,1.048286572319972720e+03,5.921957735965919767e+01,3.164420633344525413e+02,6.236754914591796251e+02,1.689151986955108669e+02,5.704060582626300402e+02,6.193683358051886216e+02,1.950024358413987215e+02,9.064429508551927483e+01,3.613486226782289350e+02,3.985190788612203505e+02,7.180402436534982371e+02,3.418467433308599084e+02,5.764551157599353992e+00,1.025574061771606971e+01,-2.358957519647780110e+00,3.910531004422427372e+02,8.987472084408143473e+02,-1.142937239202339939e+01,2.183707714553862331e+02,-7.531220920933738228e+01,-4.978623964667248991e+00,6.217419544218624878e+02,9.040848146455185770e+02,-6.586774082877744796e+00
1.353383882173500297e+02,3.836973616639424449e+02,1.274399807282777829e+03,1.029349644428587141e+02,2.599959516502048018e+02,1.044272824790581353e+03,2.548235791756906394e+02,5.274211297185687499e+02,1.072079477930489020e+03,-1.206857372218693030e+02,9.976997967556378910e+01,9.155611573922652724e+02,4.220622067639389456e+02,7.242565623622141402e+02,1.069346009174331357e+03,-1.625475291640630360e+02,-4.031712242381608036e+01,7.415546570189565045e+02,5.981311553303826258e+02,8.290351461006644058e+02,1.048309421191683668e+03,6.820505274484933977e+01,3.362681439260259140e+02,6.156968861174974563e+02,1.728701979680648435e+02,5.925608412936463765e+02,6.097480118738365036e+02,2.004244788569446314e+02,1.044246914813152785e+02,3.556397463864576025e+02,3.943066781611827878e+02,7.623003292617474926e+02,3.395765982224554591e+02,7.101482474249435128e+00,1.208064701483625036e+01,-1.610375730339916212e+00,3.635441811938313208e+02,9.445701033131422264e+02,-1.001552219365619401e+01,2.191752904884933741e+02,-7.489883364572574465e+01,-5.066347942791866288e+00,5.921735214100453959e+02,9.740611325368813596e+02,-8.239463000369234180e+00
1.327884589632619452e+02,4.057911079853677734e+02,1.267093239467824105e+03,9.639064866274178200e+01,2.844703178732922879e+02,1.042316483436047292e+03,2.531817580731095347e+02,5.483097810041419962e+02,1.067230260464053572e+03,-1.384288382208727342e+02,1.252916695667984754e+02,9.307974660043812491e+02,4.130639035852322536e+02,7.503338787173124729e+02,1.071236163281448853e+03,-1.702409602403558040e+02,-2.350783304853653988e+01,7.693137975304954352e+02,5.895315551121153703e+02,8.572640547087490859e+02,1.046784367690083400e+03,7.798008085896259445e+01,3.571328503536309427e+02,6.083920026083659423e+02,1.773950300210104558e+02,6.160008724867204819e+02,6.007155257969370723e+02,2.069745645257575859e+02,1.197308261051256153e+02,3.488288191555157596e+02,3.890253649444136954e+02,8.061273454010428168e+02,3.373267757114812753e+02,8.637171276639225681e+00,1.417731712038844449e+01,-5.778820262730701707e-01,3.347736878373284526e+02,9.861314029121220983e+02,-7.857826775811417974e+00,2.201697456401827822e+02,-7.423099410059519698e+01,-5.268288608106603377e+00,5.582491528166331136e+02,1.040573798267332904e+03,-9.575847232602885839e+00
1.290742932467001935e+02,4.284888125900405385e+02,1.260644904314541463e+03,8.926016960546499490e+01,3.113240438090446673e+02,1.040846524833111289e+03,2.502306883449457473e+02,5.703696633820103443e+02,1.063439772702098026e+03,-1.551902047381467753e+02,1.537139673546361962e+02,9.463933125834890916e+02,4.020719735939029533e+02,7.777567036703553640e+02,1.073042800154222050e+03,-1.747167721471006132e+02,-3.710069796737905712e+00,7.982927951904073325e+02,5.798451560291898659e+02,8.864696881198317442e+02,1.043348696638171759e+03,8.843573142084687788e+01,3.794299168275585430e+02,6.018192276953749342e+02,1.823876402223176854e+02,6.410634672391857976e+02,5.922256246941414020e+02,2.144371079950694536e+02,1.370516545941009383e+02,3.408077536398045027e+02,3.823241412383222837e+02,8.494434772719678222e+02,3.350567369893188356e+02,1.025225969665786607e+01,1.686278807581209094e+01,1.098026130419755386e+00,3.053223305865403177e+02,1.024019439454795929e+03,-5.462171555347866914e+00,2.213763362056235735e+02,-7.306490739295387016e+01,-5.550659965520448935e+00,5.198075296888539469e+02,1.103251591385407437e+03,-1.119487564101303612e+01
1.241411154577211420e+02,4.522723193687597814e+02,1.255038408081194802e+03,8.156885981719517531e+01,3.413679138407151186e+02,1.039761070175919713e+03,2.459801612413866962e+02,5.940018719640174822e+02,1.060554663264358396e+03,-1.710166513004537876e+02,1.853098210915212576e+02,9.614520423354629202e+02,3.888587707161993308e+02,8.071258245947054775e+02,1.074316097212926707e+03,-1.771269355219463648e+02,1.914975259477917291e+01,8.274977323589114349e+02,5.685923631274271202e+02,9.174656848126510340e+02,1.037450038401092115e+03,9.967467612373179975e+01,4.034472411046935463e+02,5.958964361944035772e+02,1.877488771587146630e+02,6.680814684395245422e+02,5.842362602814432648e+02,2.225050250796440139e+02,1.568759860505750225e+02,3.315091654807033592e+02,3.740068012216207762e+02,8.924953088892891628e+02,3.330454811439120704e+02,1.195963880904845134e+01,2.056681281641309411e+01,3.768553439924680948e+00,2.758437710961566722e+02,1.059049798861772388e+03,-3.365364056982778074e+00,2.227934269038543675e+02,-7.116374207211866576e+01,-5.833234309551150076e+00,4.772105135039806214e+02,1.162155221287252971e+03,-1.352386009964919289e+01
1.180043201353509090e+02,4.777461682489592931e+02,1.250301285234350189e+03,7.333150282516977825e+01,3.748383494011457060e+02,1.038890893499793947e+03,2.405238919905956152e+02,6.196145050897802093e+02,1.058423519531635975e+03,-1.860727277305601888e+02,2.201704778242042835e+02,9.747313791524416047e+02,3.731923002022907099e+02,8.392846502327761300e+02,1.074599519476646037e+03,-1.783726319079516429e+02,4.494482800125269506e+01,8.559951286796049317e+02,5.549357835073715250e+02,9.511758179285751567e+02,1.028280792575909118e+03,1.120953228249463649e+02,4.293024928996417771e+02,5.904432432181096146e+02,1.933968150699154762e+02,6.973079962040555984e+02,5.767360456436579170e+02,2.309371328732223105e+02,1.795184066261993223e+02,3.208917494481319750e+02,3.640368709314603848e+02,9.356350389631586495e+02,3.317583485147543456e+02,1.403817898236491857e+01,2.573526685713077811e+01,7.643562882982871010e+00,2.470928732390493678e+02,1.091793397736802262e+03,-2.030091250901803868e+00,2.244267450572832274e+02,-6.838669611907110379e+01,-6.034331025362813072e+00,4.314441936283197379e+02,1.217460261847623087e+03,-1.680682605288910736e+01
1.107222641180378844e+02,5.054573187697422441e+02,1.246469223080998972e+03,6.455679661386974999e+01,4.113384541501127956e+02,1.037883658639024361e+03,2.339678268620767483e+02,6.475335612208634757e+02,1.056935396070000024e+03,-2.005236314230870676e+02,2.581283575584778305e+02,9.847226189769817211e+02,3.548401652530495198e+02,8.750692933317147890e+02,1.073319241467047959e+03,-1.786429767170880325e+02,7.330588656573465300e+01,8.832482162071123639e+02,5.378450231668596189e+02,9.881436190904498744e+02,1.014810432617064407e+03,1.263148006707462230e+02,4.569604780231018140e+02,5.852575643466501560e+02,1.992239605344091444e+02,7.288044980836247078e+02,5.697201319013751117e+02,2.396434139333255757e+02,2.049771052977365002e+02,3.089357010970517763e+02,3.524002229134563322e+02,9.790166076549062382e+02,3.315391285250383930e+02,1.705300095464606258e+01,3.276369008326357601e+01,1.273283959375602770e+01,2.199400426560761446e+02,1.122249222552162109e+03,-1.818939812636136244e+00,2.263288825117406589e+02,-6.471030078683136821e+01,-6.125389929010455425e+00,3.841285892598565965e+02,1.269092097803460774e+03,-2.124615170497140326e+01
1.023143140199732528e+02,5.357110438871443421e+02,1.243496904646897065e+03,5.528600351048646644e+01,4.499965008576259038e+02,1.036127024414472089e+03,2.263313589759451077e+02,6.780137711731550780e+02,1.055968614568953853e+03,-2.143587917871097659e+02,2.986165872674490060e+02,9.897960834407507491e+02,3.334675327380514318e+02,9.150543767864653546e+02,1.069576235902353346e+03,-1.773336758996333629e+02,1.037872469802953788e+02,9.093357228746291412e+02,5.163011651761501071e+02,1.028189317996760337e+03,9.959107288623142722e+02,1.429469852473817468e+02,4.862992389123575663e+02,5.801732894083672818e+02,2.050143750619843388e+02,7.622976506911950310e+02,5.631234383163883876e+02,2.486459725445924391e+02,2.328863628378207125e+02,2.956610126793368067e+02,3.389246765886369417e+02,1.022308381361948022e+03,3.322581710844859799e+02,2.171975229215909309e+01,4.196875247708150170e+01,1.889166112581019874e+01,1.953616765021806998e+02,1.149840589714078078e+03,-3.076962488983182364e+00,2.286080498742499287e+02,-6.016578127541511378e+01,-6.163883564016020777e+00,3.374386023051473558e+02,1.316495362919313038e+03,-2.719209477608545455e+01
9.265476805934395088e+01,5.684569369006810575e+02,1.241151145351675950e+03,4.566731086856124477e+01,4.897158840758269776e+02,1.032759544458613846e+03,2.174480273801143255e+02,7.113254285809944122e+02,1.055250972342935484e+03,-2.271524058945214790e+02,3.404771755415061989e+02,9.883891096157319680e+02,3.084531510641114664e+02,9.593149122780329208e+02,1.061963392466027017e+03,-1.733593496918371386e+02,1.361840410944181485e+02,9.348523310322611906e+02,4.894636804529264964e+02,1.070327385662487131e+03,9.705483892122808811e+02,1.623407209361850505e+02,5.171919653877558858e+02,5.750688943764338319e+02,2.103821396808108943e+02,7.970809150326448389e+02,5.567518611388538829e+02,2.579544294792411279e+02,2.625891764185156489e+02,2.811741423420654087e+02,3.232061066364497606e+02,1.064562628954926822e+03,3.330996551318689853e+02,2.865796287318613622e+01,5.357797501387421590e+01,2.594122701632305450e+01,1.743939105292768943e+02,1.173758040492915143e+03,-6.263014116475065229e+00,2.313752954997718234e+02,-5.472277363633509850e+01,-6.286246338333471684e+00,2.939043138633121544e+02,1.358690107320499237e+03,-3.522253186100589772e+01
8.141987360114750061e+01,6.033146212285986394e+02,1.238932173837763003e+03,3.605400687563202666e+01,5.294054704856113176e+02,1.026796075737466708e+03,2.068944393185618082e+02,7.478442201046538003e+02,1.054183748246839741e+03,-2.377976274344632941e+02,3.818399323818925382e+02,9.792672785569042162e+02,2.787543821449096981e+02,1.007198315794424047e+03,1.048572061719262365e+03,-1.657324416952296531e+02,1.707976015912750825e+02,9.604365680406901902e+02,4.567813784215348392e+02,1.112925592830452160e+03,9.380101505716802421e+02,1.844106676877377424e+02,5.495946396374936285e+02,5.698329044955303289e+02,2.147888142702136918e+02,8.320691386905425588e+02,5.502541335465925840e+02,2.674650448810610897e+02,2.933137327930614902e+02,2.657305367332916148e+02,3.047278941384574864e+02,1.104367377581051414e+03,3.326393304606158949e+02,3.815097620458065819e+01,6.772214383927489223e+01,3.379933167231997260e+01,1.580204273801053034e+02,1.193490775859278756e+03,-1.200602787071667521e+01,2.346365091988675431e+02,-4.817578296733640997e+01,-6.661468084454118532e+00,2.560467970329976879e+02,1.394651410100642352e+03,-4.600366572967222112e+01
6.815763332972474586e+01,6.397481334944453693e+02,1.236065826776899030e+03,2.709809650361150801e+01,5.681556785492256267e+02,1.017365530518339483e+03,1.939715137566724650e+02,7.880583269220593365e+02,1.051715923436238654e+03,-2.442878143199116607e+02,4.202423922467350508e+02,9.619233503769810341e+02,2.429921558221203952e+02,1.057119534214558826e+03,1.027284545618122138e+03,-1.542046932076031851e+02,2.084409485283353831e+02,9.861023480194205604e+02,4.180753563169207041e+02,1.154002999092877189e+03,8.981094645080030432e+02,2.086365075146177901e+02,5.836355037011421700e+02,5.643165730046314366e+02,2.176461087032629109e+02,8.660531783614696906e+02,5.431548646309759079e+02,2.769824551892567115e+02,3.243963878141285591e+02,2.497801624901189541e+02,2.831286205059564622e+02,1.140290729877104695e+03,3.292434622538124245e+02,5.003511243493326077e+01,8.442874551098643110e+01,4.255919240976021456e+01,1.469706948873422618e+02,1.209266872954505061e+03,-2.098285401468039169e+01,2.381772536638773090e+02,-4.008625588710468435e+01,-7.423424360093034302e+00,2.258691874525275125e+02,1.423864212789347221e+03,-5.995322716764249549e+01
5.248061422682263100e+01,6.772977237763695939e+02,1.231591279379147409e+03,1.979038697863362017e+01,6.053774495267790599e+02,1.004020760988778193e+03,1.777548937269077953e+02,8.324226175602491367e+02,1.046354079138317275e+03,-2.436361215667305089e+02,4.530831943598015528e+02,9.371186459513845648e+02,1.998537009882269047e+02,1.106442207739364221e+03,9.963017347714969674e+02,-1.397093641768470889e+02,2.501206956011396016e+02,1.010729163747824487e+03,3.736313640322533161e+02,1.191544776023415352e+03,8.513143495089461794e+02,2.341988230162311595e+02,6.196703670887372937e+02,5.583099852349782850e+02,2.184511298808334345e+02,8.980638796278573182e+02,5.349460080501240782e+02,2.863646157167630690e+02,3.554570995881209114e+02,2.339623659463983643e+02,2.584754132483970466e+02,1.171437825823870526e+03,3.216614511605819189e+02,6.376622958060190882e+01,1.036129103505777636e+02,5.248023591225255302e+01,1.414556729219632700e+02,1.222143649188246400e+03,-3.361451257730867326e+01,2.415029133365154337e+02,-2.981077974739268655e+01,-8.610709251158786159e+00,2.043425293961421119e+02,1.446752377827613827e+03,-7.686437666137948099e+01
3.430003386088050377e+01,7.157113682450780061e+02,1.224537419917350462e+03,1.538816804422129358e+01,6.409094937684753859e+02,9.870381088187010619e+02,1.572281316196243495e+02,8.810326792832551064e+02,1.036356340317865488e+03,-2.320417278815785949e+02,4.783479468980752927e+02,9.074110776644021144e+02,1.487550159015912357e+02,1.151556982447522159e+03,9.547239532038232710e+02,-1.243107802202138146e+02,2.965191348944297260e+02,1.032071682636336391e+03,3.243214592175675648e+02,1.223741935168160126e+03,7.987626709568489787e+02,2.601379484699513682e+02,6.582262631211317512e+02,5.515706199454215266e+02,2.168808952496453344e+02,9.276398120758468622e+02,5.252238915206145293e+02,2.956769098152679476e+02,3.864303660652514054e+02,2.190397501744380975e+02,2.314083858029398471e+02,1.197802265788650402e+03,3.095770667587584626e+02,7.860941938585054345e+01,1.250526264066620996e+02,6.388409920898066474e+01,1.409440953575178526e+02,1.233670414902831681e+03,-4.969410075216530487e+01,2.438776177649388615e+02,-1.661914771234883759e+01,-1.014188394784298985e+01,1.911081980663249169e+02,1.464693172436045188e+03,-9.569844420736694701e+01
1.398719866069191831e+01,7.548668961673885178e+02,1.214145939466237451e+03,1.519510426847050688e+01,6.750688614486721235e+02,9.675940892663843442e+02,1.315113657851603080e+02,9.331785982460968398e+02,1.020099077502672571e+03,-2.054252801991775641e+02,4.954423822518643874e+02,8.773449335223375556e+02,9.054290138252855513e+01,1.188278551797167438e+03,9.029683948875073156e+02,-1.104469668422223378e+02,3.475220206993028569e+02,1.047451288804871638e+03,2.717374416358316580e+02,1.249125825691654654e+03,7.421813112036120401e+02,2.854342097428665284e+02,6.997726839406087720e+02,5.439142003416967555e+02,2.128058626967345788e+02,9.548141279726472703e+02,5.138524065267349670e+02,3.052136852263143396e+02,4.174249930299770313e+02,2.057813566321559335e+02,2.031092515448766846e+02,1.220156313400005502e+03,2.938836470543547534e+02,9.384632282611447351e+01,1.483483010364191159e+02,7.697608055390585946e+01,1.441267893290045663e+02,1.245295811394635848e+03,-6.813150527433873549e+01,2.444738280771796610e+02,1.227673823960292454e-01,-1.184026491708850592e+01,1.845758127492397591e+02,1.479549454674147682e+03,-1.146843531991814729e+02
-7.614345042735021885e+00,7.945386286971942127e+02,1.200074827159098959e+03,2.021877984844665832e+01,7.086333453314622375e+02,9.477083582119234961e+02,1.001823158070195774e+02,9.869617901901046935e+02,9.965396008342926280e+02,-1.604056158341181515e+02,5.059641167339456160e+02,8.529505409841741539e+02,2.792362843111403237e+01,1.212618901300989819e+03,8.428721200490259662e+02,-9.952683420410764370e+01,4.020531861815567254e+02,1.054969506100870603e+03,2.182552327114491959e+02,1.266641063575031922e+03,6.837393812881852000e+02,3.090098791611638944e+02,7.443683943921508899e+02,5.353416743009004222e+02,2.062446026527201468e+02,9.798137835981386843e+02,5.011111891753670307e+02,3.153427277239081263e+02,4.485109993640919583e+02,1.948012320631806062e+02,1.751277404503192940e+02,1.239506229007142792e+03,2.765453711320458297e+02,1.089253616287611237e+02,1.729089697777931462e+02,9.164215387151394054e+01,1.491687696473589995e+02,1.257847204865358890e+03,-8.699922014393011693e+01,2.426151098943787474e+02,2.076200116583481758e+01,-1.350005398136243961e+01,1.824252746452700080e+02,1.492959226072999172e+03,-1.317255770004431099e+02
-2.932898564285365595e+01,8.342163017319600158e+02,1.182514506619353597e+03,3.080067511596222118e+01,7.427888931664552956e+02,9.298922068646268144e+02,6.363573974329890603e+01,1.039238072662726609e+03,9.656432246097232337e+02,-9.560917411326396120e+01,5.142472252079762711e+02,8.404224083785733228e+02,-3.466160974775576165e+01,1.221834237272898008e+03,7.774440240581214994e+02,-9.037169069115110176e+01,4.583952235765478918e+02,1.054789707382287588e+03,1.668871250711283096e+02,1.275750246832016046e+03,6.258294659617150728e+02,3.297523184149026179e+02,7.913639890826501642e+02,5.261341826276964184e+02,1.973275859426912859e+02,1.002676854756016724e+03,4.877561486838164910e+02,3.262731381530124395e+02,4.796091262660291363e+02,1.863522104180102019e+02,1.491225459106216817e+02,1.256448966690639509e+03,2.600542019027199672e+02,1.235451470177361131e+02,1.980353142344393120e+02,1.073007601325999900e+02,1.542033060279328538e+02,1.271346632910740254e+03,-1.039695092316438689e+02,2.380602797397157815e+02,4.523578797183621703e+01,-1.496518973335549241e+01,1.823170253420285292e+02,1.505787274176144592e+03,-1.449915162102975330e+02
-4.988476932422410925e+01,8.731753608649994476e+02,1.162173819135995700e+03,4.634685952452655044e+01,7.790774508693962161e+02,9.165446302788362800e+02,2.335150235579130040e+01,1.086077410888713985e+03,9.286190475177220378e+02,-1.293292700815587892e+01,5.274207109136526697e+02,8.442682640364795361e+02,-9.180996448529018039e+01,1.215426288199284500e+03,7.103428309162094365e+02,-7.834325641578740829e+01,5.150164712929467896e+02,1.049914986680751781e+03,1.208039671466760439e+02,1.276639759170552225e+03,5.707645026658980214e+02,3.466525860554260703e+02,8.393642492864894393e+02,5.168362726282732638e+02,1.863304584012001897e+02,1.023060041746578122e+03,4.749174127091745845e+02,3.379120034572546842e+02,5.105916530184369435e+02,1.801093672368756131e+02,1.265663688187288329e+02,1.270843262932137577e+03,2.466497919265283087e+02,1.376921252999926537e+02,2.231309995219471887e+02,1.228917528599079390e+02,1.578626203341185317e+02,1.285186892039834902e+03,-1.170436461968526629e+02,2.312368683686918018e+02,7.307914426022114185e+01,-1.618756251791667111e+01,1.825058013915371191e+02,1.518024284581197435e+03,-1.534978864512079042e+02
-6.816716706952227867e+01,9.108042902451385316e+02,1.140136022361438108e+03,6.526193746705031629e+01,8.193113420752594038e+02,9.092642019396864725e+02,-1.810322259307279680e+01,1.123688134703282003e+03,8.878382888410832265e+02,8.180801250544436698e+01,5.546126130942160444e+02,8.656290892381632602e+02,-1.383853179079718245e+02,1.195634797527620094e+03,6.452413924710780293e+02,-5.598520974005100470e+01,5.717098961219390958e+02,1.045995599508611349e+03,8.258443006837684663e+01,1.270481394111136524e+03,5.204596617116650350e+02,3.590416344728557760e+02,8.865109250904705505e+02,5.080988189926455334e+02,1.737739852445155861e+02,1.040358013367810145e+03,4.638201957986827324e+02,3.499034478967782320e+02,5.415234248954109262e+02,1.750504300458176488e+02,1.084727895847977237e+02,1.281977909674474404e+03,2.375891369834212981e+02,1.516380848692797656e+02,2.479748777791457428e+02,1.370384061631227155e+02,1.595899155940186347e+02,1.298468856517252334e+03,-1.252687070432995284e+02,2.233147071339061824e+02,1.035730352399209409e+02,-1.724716967845770199e+01,1.821159549189488018e+02,1.529108276523663108e+03,-1.574628271745223742e+02
-8.342324908475217171e+01,9.469724046995631852e+02,1.117629633931050193e+03,8.512287026808979817e+01,8.653478585875011504e+02,9.083246903861671626e+02,-5.745575924162658765e+01,1.149478519092805072e+03,8.464041748174695385e+02,1.793381162328280993e+02,6.050438301769803502e+02,9.015697745438742459e+02,-1.707588208266163576e+02,1.167050674134380188e+03,5.852678480476621417e+02,-1.548102913272845349e+01,6.306213234513840007e+02,1.049968275399766299e+03,5.349061855428310963e+01,1.259567875081687589e+03,4.762581104607083944e+02,3.667950383539434824e+02,9.309340634328613078e+02,5.004510284406603660e+02,1.605104050821266810e+02,1.054012966317846349e+03,4.554188498807267820e+02,3.618020912324079177e+02,5.728331530328986219e+02,1.695819328731555231e+02,9.521847961888302336e+01,1.289078746440824034e+03,2.327660019648556329e+02,1.658833690557983687e+02,2.729065103422467473e+02,1.483397558028767094e+02,1.595943235446696633e+02,1.310270782015040368e+03,-1.290723648983024248e+02,2.160483579844618021e+02,1.359802422187863726e+02,-1.833826184340853871e+01,1.810313069951375269e+02,1.538391969812617845e+03,-1.582691003093189295e+02
-9.537081871120106769e+01,9.821662993835483348e+02,1.095787841229849164e+03,1.030640011271612053e+02,9.186422719675624649e+02,9.125263991652050208e+02,-9.144602987958695905e+01,1.162820949889257918e+03,8.074830259249692972e+02,2.685818845187912984e+02,6.852342058753526999e+02,9.457717957935088862e+02,-1.875811165852413183e+02,1.135355858946581520e+03,5.326771361947479591e+02,4.766306498122536794e+01,6.966028566164116000e+02,1.067686227196530808e+03,3.316831983237374715e+01,1.247106736644872399e+03,4.390154377131593151e+02,3.703764720328006206e+02,9.711186435424152705e+02,4.941437504380365340e+02,1.476872807000544867e+02,1.063770075065163155e+03,4.501130406458674429e+02,3.732456520752790539e+02,6.052407790792202604e+02,1.619907162289588314e+02,8.651341494155400369e+01,1.291815020572638332e+03,2.308487182001506994e+02,1.810391937999450818e+02,2.987966209642493709e+02,1.556949258481266156e+02,1.585225616554332930e+02,1.319769265908810894e+03,-1.300174786045305382e+02,2.114030660096922816e+02,1.697758316335311974e+02,-1.973164906934845675e+01,1.795508451077839993e+02,1.545463006907321869e+03,-1.579840591095522200e+02
-1.041942081292959585e+02,1.017284461277810806e+03,1.075469594153058779e+03,1.163002200983804073e+02,9.796424234880820450e+02,9.194816845094444488e+02,-1.176447763098621806e+02,1.165225935896870169e+03,7.736283308373087948e+02,3.390821771881822997e+02,7.962146571061704208e+02,9.903668462702014494e+02,-1.898322659324617803e+02,1.105671205095298546e+03,4.888122309635542706e+02,1.311647115439730271e+02,7.764183305026967901e+02,1.101121426581499918e+03,1.998288607348521495e+01,1.236590109149172349e+03,4.093669913325791185e+02,3.706992597782675034e+02,1.006033063472806361e+03,4.891786734198299200e+02,1.365366309060209176e+02,1.069729629568702649e+03,4.476962148064145026e+02,3.840243559581741124e+02,6.394537247465002565e+02,1.511171062380485353e+02,8.151105649758980576e+01,1.290538354209849331e+03,2.298782049180317131e+02,1.976689466178730754e+02,3.267843603590843031e+02,1.585636987865657090e+02,1.570743510554096076e+02,1.326294636737062092e+03,-1.300961457793090972e+02,2.110698445298770878e+02,2.047760061478974762e+02,-2.171601611861544256e+01,1.780417243798068512e+02,1.550205400839484128e+03,-1.585759886655582136e+02
-1.104389693078239389e+02,1.053217031914756490e+03,1.057182157869432558e+03,1.226833209296831484e+02,1.047259625379085037e+03,9.262072067816752678e+02,-1.350498143054564650e+02,1.159911114119651302e+03,7.463513538206090061e+02,3.833403673904697939e+02,9.320449521377184965e+02,1.028046096731630087e+03,-1.802425310646106311e+02,1.081239448785244576e+03,4.542999761028150942e+02,2.245208255507531021e+02,8.767266393526141428e+02,1.146141542989422987e+03,1.182852117259388613e+01,1.230886363912985189e+03,3.879322838277316237e+02,3.688988045579527579e+02,1.035073522118545270e+03,4.855077948402917514e+02,1.280507588337166567e+02,1.072247897437459187e+03,4.475618736315815909e+02,3.940521737650673231e+02,6.758189787254561907e+02,1.369574031828527438e+02,7.900603331367712201e+01,1.286188472572715455e+03,2.280637608675058914e+02,2.161316395109326152e+02,3.578737193551462497e+02,1.571064601057363461e+02,1.557729846462187879e+02,1.329436979950462728e+03,-1.309265770178611774e+02,2.160286375625441337e+02,2.410960570863817907e+02,-2.452190318083540888e+01,1.767525055368373899e+02,1.552692746073276567e+03,-1.611428789671323614e+02
-1.148444884190154909e+02,1.090460160246886289e+03,1.041096370934607876e+03,1.211642459600831927e+02,1.118707641140966189e+03,9.297911846541692285e+02,-1.442220179497402057e+02,1.150972753323166671e+03,7.260763601064330715e+02,3.982618981185930807e+02,1.080644053890735449e+03,1.053472552935481190e+03,-1.624166318990702109e+02,1.062989603660830426e+03,4.293353632502374921e+02,3.107827722211680452e+02,1.001351362949703230e+03,1.192024556133533679e+03,6.976081403459693853e+00,1.231381003067155916e+03,3.752392063173957126e+02,3.661284042757614543e+02,1.058004574017799314e+03,4.832530163854161742e+02,1.226961002434991315e+02,1.071849395887756373e+03,4.490418380485548369e+02,4.033223000049816847e+02,7.141321545842662317e+02,1.208656004554753594e+02,7.767794726234097880e+01,1.279964860765440562e+03,2.244369049061209864e+02,2.364764040845165027e+02,3.925216215561192143e+02,1.521798697041369337e+02,1.549477246488312687e+02,1.329218236203087827e+03,-1.332284216109626982e+02,2.263125844482991909e+02,2.789249512192172347e+02,-2.824641763070866674e+01,1.758047891376969858e+02,1.553075515305288036e+03,-1.655182596147989216e+02
-1.181661791379264344e+02,1.128951072928160784e+03,1.027115659013293907e+03,1.120407688818879421e+02,1.189878885029546609e+03,9.279366937172833332e+02,-1.469355441685663095e+02,1.142441642217350818e+03,7.124216841309489610e+02,3.853375568139318830e+02,1.226931416268170096e+03,1.063504221132614248e+03,-1.400084849974486474e+02,1.050038450400964393e+03,4.138778796690086779e+02,3.713864481719090236e+02,1.148817900064354944e+03,1.223446964032197684e+03,4.557570563432694399e+00,1.237523955362028119e+03,3.713698295146188002e+02,3.634214556043538096e+02,1.075018113833364851e+03,4.827774449346200640e+02,1.203122244550771427e+02,1.069250771866065406e+03,4.516837819895438315e+02,4.119150396821795539e+02,7.536672968907424774e+02,1.052054604528164106e+02,7.636854678351326697e+01,1.272939492457607003e+03,2.191044188645316240e+02,2.584158111018981572e+02,4.303353134196914880e+02,1.451855575280388564e+02,1.548274128852026195e+02,1.326221432157570916e+03,-1.367601274187638865e+02,2.410601462640834995e+02,3.181952075793048493e+02,-3.280375137870607460e+01,1.752719448493964194e+02,1.551552030982900988e+03,-1.704626145116407940e+02
-1.210308863695709221e+02,1.168145506683713393e+03,1.014966463400504495e+03,9.691794949195431741e+01,1.256195567369584296e+03,9.193054235046346321e+02,-1.455343500794279521e+02,1.137468400915744041e+03,7.045943298184557761e+02,3.497686444987195955e+02,1.357085670843683829e+03,1.056488395265800591e+03,-1.161473245654128021e+02,1.040712212299533121e+03,4.076431234142497715e+02,3.923084443922825244e+02,1.311224497429481289e+03,1.224651216959444355e+03,4.553925318872495964e+00,1.246999077232348782e+03,3.755519184468936942e+02,3.615906762176526286e+02,1.086865084893150879e+03,4.845574396887005832e+02,1.202437831261158721e+02,1.065449204554592370e+03,4.553367577059390214e+02,4.200495942023214297e+02,7.933443622226260459e+02,9.259849285334800584e+01,7.436131106817833825e+01,1.265793916178626205e+03,2.130351229237545567e+02,2.813633325779609322e+02,4.699761207616990077e+02,1.377997949736357270e+02,1.556004221131368297e+02,1.321539025369292631e+03,-1.406548017179878229e+02,2.588368107392102502e+02,3.583156019968600958e+02,-3.791269184025762939e+01,1.752392724093229219e+02,1.548401612306488460e+03,-1.743463340395956891e+02
-1.238439483203114690e+02,1.207229358339456667e+03,1.004302649810705930e+03,7.837631622948062216e+01,1.313673640949528362e+03,9.036887656461251481e+02,-1.422833694955942860e+02,1.137803039029522097e+03,7.016801946357169300e+02,2.990608859996538627e+02,1.462103046670759113e+03,1.031412776660865347e+03,-9.315363995260497632e+01,1.033496601400720238e+03,4.099200969200729219e+02,3.689467789310897956e+02,1.475108069689103331e+03,1.184363520484305127e+03,7.410548852676923204e+00,1.256482348602184629e+03,3.859779821888944298e+02,3.611284781396167887e+02,1.094902710265335145e+03,4.889506846695870763e+02,1.216277735077856335e+02,1.061739080667911594e+03,4.600453644537174114e+02,4.281104696971271437e+02,8.319183831245034071e+02,8.511722041617692014e+01,7.157199841646963989e+01,1.258803406153721880e+03,2.075281676550798124e+02,3.044906227137141173e+02,5.093434112985237334e+02,1.316544140926605451e+02,1.573698398020817990e+02,1.316499080147480527e+03,-1.439244398249320511e+02,2.781067043973891941e+02,3.981409082174979517e+02,-4.311283569186604581e+01,1.757932677323695714e+02,1.544014598390397623e+03,-1.759602872324973077e+02
-1.267415338217400773e+02,1.245334269039957235e+03,9.948236394406086447e+02,5.940328652594628522e+01,1.359861006940017887e+03,8.820333704016202319e+02,-1.389380456836501878e+02,1.143644548898109406e+03,7.027516205816752972e+02,2.415319095069425543e+02,1.539194548089375303e+03,9.876646836192244336e+02,-7.249283763150924642e+01,1.027500830364653893e+03,4.194070381112389327e+02,3.075487778119746167e+02,1.624195209667738027e+03,1.099511300116430448e+03,1.349756502552859772e+01,1.262712134348528252e+03,4.000205734225119727e+02,3.621226780927763684e+02,1.100938853556625645e+03,4.960079244685176718e+02,1.236889909781164363e+02,1.059553895255045290e+03,4.658596369915615583e+02,4.365885947975900194e+02,8.681430174381370080e+02,8.375992920462834945e+01,6.853574857596352388e+01,1.252054251122781579e+03,2.036421714100085012e+02,3.267816407710436692e+02,5.460434992845720217e+02,1.280630849140743237e+02,1.600432562389292457e+02,1.312272606973320990e+03,-1.458735479168916811e+02,2.976820132180449150e+02,4.362340825497617516e+02,-4.779556850812576130e+01,1.769481384700631850e+02,1.538881189391887574e+03,-1.750282447586026251e+02
-1.295770469905150435e+02,1.281691288058001419e+03,9.863813100241607117e+02,4.269768518094296184e+01,1.394360812150998527e+03,8.562740378620482034e+02,-1.365954346809882054e+02,1.153853062444409261e+03,7.068807877067840764e+02,1.849232224656555275e+02,1.590683709418964099e+03,9.256123977150200517e+02,-5.488745549723378048e+01,1.022385205782505977e+03,4.343095337616884990e+02,2.226133343515712397e+02,1.743129712293629382e+03,9.762602039839080135e+02,2.260836688116086890e+01,1.263463735847164799e+03,4.148290176629166126e+02,3.642471099264285499e+02,1.106894546537471797e+03,5.054114574571694902e+02,1.259173507829277270e+02,1.060147387337940245e+03,4.726910398748938178e+02,4.459483966000379382e+02,9.009253893389584391e+02,8.835672082159149454e+01,6.615152377725752331e+01,1.245731208173254117e+03,2.018487335504302962e+02,3.471242176281402863e+02,5.780199226044331908e+02,1.278678681874007452e+02,1.632616001961094412e+02,1.309545970557350074e+03,-1.462609867732936948e+02,3.170006991996410761e+02,4.712943324146259556e+02,-5.124263392413061524e+01,1.785574729279031772e+02,1.533536971388959500e+03,-1.721858134047472220e+02
-1.319456745323134044e+02,1.315734619820252419e+03,9.790218179528897053e+02,3.001477022466589162e+01,1.418786260491843450e+03,8.288967621831525321e+02,-1.357440658285643167e+02,1.166452388376067347e+03,7.132038270856089639e+02,1.351903844854516024e+02,1.621292917338965026e+03,8.475766289697360207e+02,-4.050196061905487710e+01,1.018005511825471444e+03,4.528036066552903662e+02,1.316171397802630452e+02,1.820855464937921170e+03,8.281035121761264008e+02,3.366098649283529198e+01,1.258054961849677511e+03,4.281222291200257359e+02,3.668765654942155265e+02,1.114427424609082436e+03,5.165205448087236846e+02,1.280838764728735271e+02,1.064246546727338227e+03,4.802883959968538647e+02,4.565036075009293768e+02,9.294849964854182645e+02,9.784336786898575156e+01,6.528058653245139453e+01,1.240267814230002159e+03,2.020238468422454616e+02,3.645183611279305751e+02,6.041049399329406242e+02,1.314292859139262646e+02,1.664587532458571957e+02,1.308410989879278077e+03,-1.452113951227121333e+02,3.361714938061886642e+02,5.025119316676332346e+02,-5.267272706411869621e+01,1.802779854457600095e+02,1.528482407060795367e+03,-1.685130704355946136e+02
-1.332670693669717821e+02,1.347194308440415625e+03,9.729205450007171976e+02,2.175556346373409866e+01,1.436174435620007671e+03,8.022599286732256587e+02,-1.363803635341269853e+02,1.179305809113878013e+03,7.210895861237680720e+02,9.564479928594427349e+01,1.635359791061885289e+03,7.584482180304630674e+02,-2.912193345948143275e+01,1.014108763159817613e+03,4.736987005460457567e+02,4.955568996453996533e+01,1.852544022109878142e+03,6.720086252946941840e+02,4.473480904015890758e+01,1.247208075006092258e+03,4.388803488391953351e+02,3.693087880511865251e+02,1.124683250444994655e+03,5.284555787583290112e+02,1.301384593695175909e+02,1.071856413153574749e+03,4.883189465479645150e+02,4.683871779515059757e+02,9.534908639255262415e+02,1.107171894469775282e+02,6.638507965574976311e+01,1.236264383568942094e+03,2.036996469644296326e+02,3.784289331800570153e+02,6.242558565210642882e+02,1.387302539122084681e+02,1.690654767669464320e+02,1.308518538028451530e+03,-1.430126803976515930e+02,3.558315218197990362e+02,5.296601245860467770e+02,-5.130073334620240644e+01,1.816393011680202960e+02,1.524116213965452062e+03,-1.649554522026464269e+02
-1.329438860454248470e+02,1.376179564316323194e+03,9.682294711615662663e+02,1.696655630228498524e+01,1.450064067140467841e+03,7.778929594904019496e+02,-1.381163149278382321e+02,1.190808687041676876e+03,7.303199880278926912e+02,6.674554649025810704e+01,1.635306811667661577e+03,6.654073329118215270e+02,-2.029059785182374398e+01,1.010281751699443248e+03,4.969329007282159409e+02,-1.444710929597712123e+01,1.839663427426864246e+03,5.242933180980909356e+02,5.347288243103400163e+01,1.232394090731394954e+03,4.476377435718262063e+02,3.710007347023573061e+02,1.138265494740742952e+03,5.401859871060447631e+02,1.320754027255547669e+02,1.082335118243605393e+03,4.964797733342561514e+02,4.816188118327371512e+02,9.731378473541657286e+02,1.254809835737797812e+02,6.936226871762198698e+01,1.234262030575011750e+03,2.063790963993620551e+02,3.891822958635861482e+02,6.393974825451311972e+02,1.495314439268154558e+02,1.707680340197849205e+02,1.309420877022173954e+03,-1.399686595012982764e+02,3.769236394893578677e+02,5.529185531661461255e+02,-4.641593867069760648e+01,1.822139029289928374e+02,1.520739389225281229e+03,-1.619866062924888581e+02
-1.305867751348276897e+02,1.403198587659521309e+03,9.649180774282204993e+02,1.377991640308705534e+01,1.463553754613934416e+03,7.561024483062816444e+02,-1.402979024015689333e+02,1.200406024717246510e+03,7.411182950883880949e+02,4.674394819658579792e+01,1.621819274569382742e+03,5.767201926460837740e+02,-1.342258808565689421e+01,1.006140263899257548e+03,5.235662174881406372e+02,-5.754836939681757002e+01,1.788583548855120625e+03,3.976882131002413985e+02,5.771982621105524203e+01,1.215048535345177470e+03,4.562294991997015927e+02,3.717035750396900653e+02,1.155386746772707511e+03,5.506486628531215501e+02,1.338425787860310550e+02,1.094712061395746105e+03,5.045668682793124731e+02,4.961753493364611245e+02,9.891441966209421253e+02,1.409425599739132622e+02,7.360860038691821217e+01,1.234565075523640871e+03,2.097238473162059620e+02,3.982003422676712034e+02,6.510072163038291819e+02,1.635080077052309093e+02,1.716658305069749417e+02,1.310937010867020717e+03,-1.363958947236173458e+02,4.004872742977740927e+02,5.726107531484083211e+02,-3.748286314353330084e+01,1.817995367273285581e+02,1.518654311610207515e+03,-1.596649058933974175e+02
-1.262500248739664954e+02,1.429051047766861529e+03,9.626961213418863963e+02,1.014060649511951340e+01,1.478652176209281379e+03,7.361136431776284326e+02,-1.421911636851197045e+02,1.208749914432410378e+03,7.539300751133541780e+02,3.301696184896252362e+01,1.595229138511692781e+03,5.000622654851849802e+02,-7.935134987910626769e+00,1.001599008989506956e+03,5.552049079989674283e+02,-8.127525218543119934e+01,1.708584272820053684e+03,3.001628493456431102e+02,5.615495361232109417e+01,1.196102759157657147e+03,4.670873064985497649e+02,3.714370008225155289e+02,1.176068379610005422e+03,5.589357254654565850e+02,1.353273695411089648e+02,1.108084550541374483e+03,5.124755639487284498e+02,5.119556244007143277e+02,1.002673835941860943e+03,1.563195390502424118e+02,7.823292250858396812e+01,1.237248236439799712e+03,2.135362472550010864e+02,4.078783152033877855e+02,6.606951471421924680e+02,1.803173024923174808e+02,1.722042213697033333e+02,1.313349280267866561e+03,-1.327223229017746462e+02,4.274942543730825264e+02,5.890887211746845651e+02,-2.425506813620837931e+01,1.804897944261088014e+02,1.518300721119247783e+03,-1.579632051409693076e+02
-1.205765094282290306e+02,1.454588812689683209e+03,9.610553104016320276e+02,4.537814576086031337e+00,1.496099338581573875e+03,7.166945235281583564e+02,-1.432345563717125287e+02,1.217408718105621119e+03,7.690212714261064093e+02,2.350991417248204840e+01,1.557075723895714191e+03,4.409833382065530714e+02,-3.397039560879350883e+00,9.970461814156541323e+02,5.931089414939164044e+02,-8.888783587770411998e+01,1.610079652636979972e+03,2.351409555206100777e+02,4.869391152163628789e+01,1.176050312113842892e+03,4.823749557047103167e+02,3.703428540160085163e+02,1.200243659383420209e+03,5.645263221504563944e+02,1.364060161723795375e+02,1.121896688413150514e+03,5.201506856872046001e+02,5.286344720718982444e+02,1.015183062644396273e+03,1.711776204628568223e+02,8.230441710687813384e+01,1.242319315703821303e+03,2.175962721302600187e+02,4.210553338471772804e+02,6.699635033305374918e+02,1.995937777741456500e+02,1.728942574969673558e+02,1.317307373525070489e+03,-1.295553345701314925e+02,4.587066642034604911e+02,6.028589756089062348e+02,-6.864451892604168215e+00,1.785668790420464234e+02,1.520304278216603279e+03,-1.570882713283740486e+02
-1.147427464192056448e+02,1.480426285045734630e+03,9.594027895912065560e+02,-3.538261231659947992e+00,1.515624955433236892e+03,6.969373583940957815e+02,-1.432615642119896506e+02,1.228214484145288679e+03,7.860959714493457113e+02,1.757568925279996463e+01,1.510911116079839758e+03,4.019853386785361522e+02,3.644871357966608105e-01,9.933287240284503241e+02,6.373997453339441108e+02,-8.351918431023966605e+01,1.503417807988425693e+03,2.022881086145484062e+02,3.653568829980360988e+01,1.155390508033945480e+03,5.032904749146956078e+02,3.685291750079343842e+02,1.227693608559629183e+03,5.674574968049317931e+02,1.370135701664559917e+02,1.135995335035457629e+03,5.275214995149885908e+02,5.455350960266758875e+02,1.028180628081011037e+03,1.852905589314651422e+02,8.506310705942432548e+01,1.249861990024929355e+03,2.215029118386182745e+02,4.402196782089715157e+02,6.801435613031935645e+02,2.209210505128238253e+02,1.739859620472515758e+02,1.323461598417500682e+03,-1.276045124856892841e+02,4.945271815210555246e+02,6.148104908079816369e+02,1.418017142473229164e+01,1.762774792537022392e+02,1.525329253911808564e+03,-1.575458523752274402e+02
-1.101592896005339668e+02,1.506727927621562912e+03,9.572275337449455037e+02,-1.355992736981888491e+01,1.536420832744764539e+03,6.767988955282556844e+02,-1.425676785927134631e+02,1.242500724542609987e+03,8.041576969954479637e+02,1.580988931258499264e+01,1.461972352835581887e+03,3.823953030014037608e+02,3.272769882914435158e+00,9.915540172911424861e+02,6.867209880947434613e+02,-6.772307508497392803e+01,1.398123215140558841e+03,1.982743520808000994e+02,2.184828489216462089e+01,1.135027463192959658e+03,5.297566067067522226e+02,3.660088254014905829e+02,1.257856112633202656e+03,5.683253929342820356e+02,1.371883300712514711e+02,1.150495452262589652e+03,5.344549594510011730e+02,5.616835510697624159e+02,1.042916859077830168e+03,1.985278579551468283e+02,8.607642347368894775e+01,1.259972968885556384e+03,2.246548908947857512e+02,4.667294077091721078e+02,6.923685523501749230e+02,2.438532727721680260e+02,1.753104557645663135e+02,1.331994855903645202e+03,-1.274612526281071183e+02,5.348497099574324238e+02,6.262686997908593867e+02,3.814483246272688177e+01,1.736532663256433864e+02,1.533728242429330066e+03,-1.599107996962949869e+02
-1.080097802067621444e+02,1.533175878747384331e+03,9.542457262567926364e+02,-2.430259274272333769e+01,1.557551813067266494e+03,6.571660209041181133e+02,-1.417739612934066997e+02,1.260545245149136690e+03,8.217202586115840859e+02,1.907486423090186634e+01,1.415986582126729445e+03,3.789513979431165467e+02,5.140588940376931149e+00,9.927799414382978966e+02,7.384804818993087565e+02,-4.405283493796769534e+01,1.302253015149294015e+03,2.174389415458608710e+02,7.184655229373600349e+00,1.116257988474695139e+03,5.605579464161479564e+02,3.627612887026677413e+02,1.289641060437741089e+03,5.681003123800948060e+02,1.370646397188075980e+02,1.165578483312369144e+03,5.407546861929462239e+02,5.760920429321892016e+02,1.060089507208685063e+03,2.108339251994400172e+02,8.533944084622420689e+01,1.272462591091175454e+03,2.263966638706241952e+02,5.003437715335088569e+02,7.074631147083164251e+02,2.680194320748588552e+02,1.763954554801469499e+02,1.342289036241936856e+03,-1.293659271154918997e+02,5.789626162638516007e+02,6.387009202449092982e+02,6.436120307301388266e+01,1.705193774387341534e+02,1.545122117688414846e+03,-1.644815129180994688e+02
-1.088315078547627053e+02,1.559138937076772436e+03,9.504855520949953416e+02,-3.437028060822500919e+01,1.578149657245083745e+03,6.394858185327526598e+02,-1.415647243419215897e+02,1.281454706814762403e+03,8.372810216718488618e+02,2.738784624731418305e+01,1.377757560670598195e+03,3.868564845486637864e+02,5.864602504887910683e+00,9.977005033968551970e+02,7.895465284328154212e+02,-1.576300119770848163e+01,1.221707133799627400e+03,2.526147988779274840e+02,-5.193910780764986690e+00,1.100319859446648479e+03,5.938264066983399516e+02,3.588572345921541000e+02,1.321414778122044027e+03,5.678466677203871313e+02,1.368190862035630460e+02,1.181350515307412252e+03,5.462160690924662276e+02,5.881350258361657097e+02,1.079706508848138355e+03,2.222800297577054494e+02,8.329051656888539412e+01,1.286513693843397732e+03,2.262337660532745360e+02,5.392519702142215010e+02,7.257733693481108048e+02,2.932630748935546308e+02,1.767668370170907792e+02,1.352913258719569285e+03,-1.331230960027586718e+02,6.255753067189325520e+02,6.531798874927784482e+02,9.253414177146476050e+01,1.666922264256234882e+02,1.558152808506682277e+03,-1.710718761747902761e+02
-1.123568792105755989e+02,1.583964729978171363e+03,9.462770456266936208e+02,-4.267247221531705037e+01,1.597437452537512627e+03,6.251923771726625318e+02,-1.424440214788178594e+02,1.303537252373078218e+03,8.498183887023783427e+02,3.939568364499579189e+01,1.350153580939406311e+03,4.009940136984612309e+02,5.556704701275521074e+00,1.006445700675592320e+03,8.371056342540204014e+02,1.313248116376739461e+01,1.159638576495752886e+03,2.962930836462645630e+02,-1.386006025537515995e+01,1.087827586478708781e+03,6.276659715894701321e+02,3.545409237056082361e+02,1.351260520908898798e+03,5.684681754909490792e+02,1.366010728342709797e+02,1.197814441916188798e+03,5.507138402936626562e+02,5.977873281581025822e+02,1.101199847956704616e+03,2.331064536415932480e+02,8.069812313462693965e+01,1.300611634538126737e+03,2.239834339384355530e+02,5.806134150776965726e+02,7.470780099552551974e+02,3.197091585658265558e+02,1.762241136769494290e+02,1.361984270416868867e+03,-1.382225267248784633e+02,6.730226524752783916e+02,6.699461016502602888e+02,1.228747087512403056e+02,1.622087350240915384e+02,1.570647640530027047e+03,-1.790737390561441487e+02
-1.177117884289938274e+02,1.607252621059379862e+03,9.421238305777006872e+02,-4.869124694197908809e+01,1.614761591504350690e+03,6.151875793609212906e+02,-1.446154728935833589e+02,1.324989809851402470e+03,8.590662678433066048e+02,5.275727317646243364e+01,1.333791471028911474e+03,4.170240394669301622e+02,4.532694664485979352e+00,1.018579330118305847e+03,8.793715463019963181e+02,3.864660154458612595e+01,1.116258629635882471e+03,3.419930613094667819e+02,-1.844045377558476062e+01,1.078515230019841738e+03,6.606789763210855426e+02,3.501920958211708239e+02,1.377489636426038942e+03,5.705426256035292454e+02,1.364858732815312692e+02,1.214914531734215416e+03,5.542686990540897796e+02,6.055710373260803863e+02,1.123746225131093752e+03,2.436773315689830213e+02,7.841163691103881206e+01,1.312939946120970717e+03,2.197914036024256461e+02,6.214569291022246489e+02,7.706975182499126049e+02,3.476657256337640547e+02,1.749130462610435472e+02,1.367786230056068689e+03,-1.440769437990063579e+02,7.196511357464194134e+02,6.883902547900227091e+02,1.559180729103951535e+02,1.573913728798301292e+02,1.580267614668130818e+03,-1.877239415813001813e+02
-1.238682857405915740e+02,1.628982536602919026e+03,9.384783038981154277e+02,-5.250757122861335802e+01,1.629760117671196667e+03,6.095359848729357282e+02,-1.479908523636646294e+02,1.344589769323039945e+03,8.654609138282044114e+02,6.518732846504430256e+01,1.327338498007252610e+03,4.321559702644113941e+02,3.174321263367779977e+00,1.033285546453107600e+03,9.159468990934756221e+02,5.808176870934249081e+01,1.089191355955711515e+03,3.854647371894515686e+02,-1.946992727635601739e+01,1.071470313298956626e+03,6.922262971015923085e+02,3.461707163511354111e+02,1.399230269270971348e+03,5.742417859887749501e+02,1.364725095708384401e+02,1.232566284523128161e+03,5.570468060260609491e+02,6.122480017749927583e+02,1.146624222428350095e+03,2.543397489069874098e+02,7.704696618842460509e+01,1.322130808017073832e+03,2.140411424753246195e+02,6.596583540767983322e+02,7.957773443729189466e+02,3.773620420850027699e+02,1.731785938645882936e+02,1.369417436378866114e+03,-1.502272644288403569e+02,7.643027008106079165e+02,7.074984062220061105e+02,1.920575084139128705e+02,1.526806626581321495e+02,1.585435612247166546e+03,-1.963992314547166131e+02
-1.301013981746120578e+02,1.649469253572839762e+03,9.355137549332996514e+02,-5.466247784031519785e+01,1.642609625112179629e+03,6.074190898636338716e+02,-1.522649921805045494e+02,1.362100517550587938e+03,8.698557940480681054e+02,7.553231201818977070e+01,1.328128115520996062e+03,4.454854246884162308e+02,1.761981270899218854e+00,1.049631776549467304e+03,9.477974091274445527e+02,7.110918395122864410e+01,1.074219024789356354e+03,4.253506047188248544e+02,-1.802052897289749822e+01,1.065671484044873068e+03,7.223929727813634827e+02,3.426342874346677831e+02,1.416836975689317114e+03,5.793142767921123095e+02,1.365186706966701138e+02,1.250628659957119226e+03,5.592938903029735229e+02,6.184537130868669692e+02,1.169428681684044022e+03,2.652580333863451756e+02,7.674022262282230145e+01,1.327977459906535614e+03,2.072301167713904420e+02,6.946423363389382075e+02,8.215862301577442395e+02,4.086467013684097083e+02,1.713344860699070864e+02,1.367202002562950156e+03,-1.564276374788092596e+02,8.067104629840995358e+02,7.264688101871324761e+02,2.310299061174516453e+02,1.483568422923820549e+02,1.586112820640459177e+03,-2.047955139604265469e+02
-1.361988159117331918e+02,1.669213897486661608e+03,9.330279749236652833e+02,-5.596294521885353390e+01,1.654135570553623438e+03,6.073206239349583484e+02,-1.569988532809636865e+02,1.378251600907526608e+03,8.732213572602979639e+02,8.424708906637742700e+01,1.332763958044779429e+03,4.578407123272170338e+02,3.844215175047858701e-01,1.066758666721789041e+03,9.769227930271996456e+02,8.005932288011811693e+01,1.066038477745127693e+03,4.630817484907759081e+02,-1.534913886387302639e+01,1.060421128801427130e+03,7.517608744510790757e+02,3.394490584499461079e+02,1.431900338604582657e+03,5.851365788202530211e+02,1.365802983857294919e+02,1.268862417376566782e+03,5.612565837770013104e+02,6.244922714886785116e+02,1.192071254709721643e+03,2.763290259269455760e+02,7.709759531021029488e+01,1.331668549663237400e+03,1.998777647318985942e+02,7.274864279224208303e+02,8.476546845769277070e+02,4.408420636412300269e+02,1.695179603575754470e+02,1.362678588191444760e+03,-1.626196266187586446e+02,8.475832180937185285e+02,7.450771275024931128e+02,2.716860307224983444e+02,1.443651839496004641e+02,1.583982979460540719e+03,-2.129449202838921167e+02
